7.33227385e-01
7.32940215e-01
7.32804339e-01
7.32676454e-01
7.32712584e-01
7.32628190e-01
7.32587360e-01
7.32594154e-01
7.32439163e-01
7.32492316e-01
7.32574368e-01
7.32408139e-01
7.32622228e-01
7.32624085e-01
7.32632937e-01
7.32606335e-01
7.32610789e-01
7.32477393e-01
7.32607196e-01
7.32580160e-01
7.32535471e-01
7.32512211e-01
7.32494677e-01
7.32377241e-01
7.32684520e-01
7.32534216e-01
7.32408177e-01
7.32515249e-01
7.32530591e-01
7.32556143e-01
7.32677910e-01
7.32519101e-01
7.32600193e-01
7.32523385e-01
7.32487154e-01
7.32483771e-01
7.32498526e-01
7.32503159e-01
7.32511651e-01
7.32512158e-01
7.32556120e-01
7.32500491e-01
7.32477764e-01
7.32605731e-01
7.32499008e-01
7.32561020e-01
7.32446752e-01
7.32569264e-01
7.32424363e-01
7.32589100e-01
7.32549079e-01
7.32561268e-01
7.32505146e-01
7.32519194e-01
7.32531375e-01
7.32465172e-01
7.32510375e-01
7.32395495e-01
7.32524576e-01
7.32509888e-01
7.32477012e-01
7.32506578e-01
7.32638985e-01
7.32578883e-01
7.32508206e-01
7.32528377e-01
7.32710427e-01
7.32677028e-01
7.32545916e-01
7.32588106e-01
7.32558564e-01
7.32603439e-01
7.32609733e-01
7.32717797e-01
7.32590999e-01
7.32655793e-01
7.32581869e-01
7.32585774e-01
7.32492774e-01
7.32507644e-01
7.32496081e-01
7.32597869e-01
7.32403070e-01
7.32515536e-01
7.32627275e-01
7.32658309e-01
7.32535671e-01
7.32591765e-01
7.32493595e-01
7.32414381e-01
7.32611154e-01
7.32574358e-01
7.32456781e-01
7.32573652e-01
7.32521919e-01
7.32422046e-01
7.32602775e-01
7.32495690e-01
7.32611259e-01
7.32545828e-01
7.32595332e-01
7.32546850e-01
7.32573888e-01
7.32522831e-01
7.32504707e-01
7.32663346e-01
7.32608567e-01
7.32650178e-01
7.32645754e-01
7.32441177e-01
7.32627498e-01
7.32584689e-01
7.32642400e-01
7.32585108e-01
7.32650453e-01
7.32611777e-01
7.32578773e-01
7.32620238e-01
7.32581642e-01
7.32507382e-01
7.32530582e-01
7.32584949e-01
7.32599743e-01
7.32465297e-01
7.32467070e-01
7.32582702e-01
7.32554848e-01
7.32548941e-01
7.32516593e-01
7.32561523e-01
7.32501358e-01
7.32542232e-01
7.32612870e-01
7.32671208e-01
7.32581067e-01
7.32661374e-01
7.32542591e-01
7.32532992e-01
7.32520620e-01
7.32416895e-01
7.32569498e-01
7.32476971e-01
7.32661507e-01
7.32552096e-01
7.32658011e-01
7.32619367e-01
7.32602708e-01
7.32567764e-01
7.32556778e-01
7.32535283e-01
7.32534746e-01
7.32518691e-01
7.32502558e-01
7.32546574e-01
7.32625669e-01
7.32491491e-01
7.32479876e-01
7.32424113e-01
7.32434719e-01
7.32452286e-01
7.32333021e-01
7.32400986e-01
7.32447384e-01
7.32490290e-01
7.32581154e-01
7.32537571e-01
7.32605284e-01
7.32595495e-01
7.32573191e-01
7.32576076e-01
7.32552159e-01
7.32408089e-01
7.32351035e-01
7.32476366e-01
7.32471748e-01
7.32474633e-01
7.32657687e-01
7.32509547e-01
7.32451169e-01
7.32572617e-01
7.32452669e-01
7.32446816e-01
7.32513818e-01
7.32465236e-01
7.32523826e-01
7.32351287e-01
7.32462038e-01
7.32504189e-01
7.32707056e-01
7.32510198e-01
7.32622943e-01
7.32517676e-01
7.32554204e-01
7.32550201e-01
7.32426962e-01
7.32436773e-01
7.32499640e-01
7.32496523e-01
7.32559846e-01
7.32624392e-01
7.32625882e-01
7.32521347e-01
7.32498452e-01
7.32491397e-01
7.32521020e-01
7.32569522e-01
7.32576504e-01
7.32517119e-01
7.32512371e-01
7.32593420e-01
7.32557891e-01
7.32561038e-01
7.32590514e-01
7.32595783e-01
7.32548944e-01
7.32607106e-01
7.32623662e-01
7.32606771e-01
7.32604097e-01
7.32684100e-01
7.32559765e-01
7.32650856e-01
7.32450528e-01
7.32477601e-01
7.32568632e-01
7.32559360e-01
7.32527735e-01
7.32467237e-01
7.32555900e-01
7.32573002e-01
7.32599675e-01
7.32479681e-01
7.32561649e-01
7.32534325e-01
7.32476570e-01
7.32581194e-01
7.32472867e-01
7.32538965e-01
7.32478966e-01
7.32498368e-01
7.32508941e-01
7.32589646e-01
7.32534120e-01
7.32593996e-01
7.32609555e-01
7.32706603e-01
7.32468287e-01
7.32633382e-01
7.32426278e-01
7.32518405e-01
7.32519006e-01
7.32530672e-01
7.32564130e-01
7.32518223e-01
7.32543497e-01
7.32531650e-01
7.32445173e-01
7.32623564e-01
7.32579394e-01
7.32453604e-01
7.32497880e-01
7.32421258e-01
7.32437994e-01
7.32421836e-01
7.32444299e-01
7.32477646e-01
7.32455793e-01
7.32556978e-01
7.32429332e-01
7.32403856e-01
7.32455614e-01
7.32541867e-01
7.32484844e-01
7.32500802e-01
7.32508643e-01
7.32589024e-01
7.32480744e-01
7.32569385e-01
7.32515743e-01
7.32582724e-01
7.32472330e-01
7.32605177e-01
7.32499685e-01
7.32403928e-01
7.32523937e-01
7.32540901e-01
7.32599579e-01
7.32485209e-01
7.32555147e-01
7.32582552e-01
7.32559749e-01
7.32422400e-01
7.32464098e-01
7.32503644e-01
7.32433236e-01
7.32477721e-01
7.32577967e-01
7.32606833e-01
7.32471989e-01
7.32621956e-01
7.32455311e-01
7.32589151e-01
7.32629091e-01
7.32588718e-01
7.32585093e-01
7.32590362e-01
7.32427217e-01
7.32405513e-01
7.32350194e-01
7.32464571e-01
7.32466450e-01
7.32501316e-01
7.32541412e-01
7.32509152e-01
7.32499157e-01
7.32530318e-01
7.32489239e-01
7.32404707e-01
7.32429739e-01
7.32516983e-01
7.32449273e-01
7.32551270e-01
7.32540499e-01
7.32512944e-01
7.32509041e-01
7.32520219e-01
7.32620056e-01
7.32455064e-01
7.32440733e-01
7.32575488e-01
7.32555667e-01
7.32411288e-01
7.32454165e-01
7.32488953e-01
7.32461847e-01
7.32542310e-01
7.32498873e-01
7.32537339e-01
7.32608644e-01
7.32472753e-01
7.32578421e-01
7.32491545e-01
7.32601901e-01
7.32517006e-01
7.32451589e-01
7.32515781e-01
7.32448580e-01
7.32598790e-01
7.32598900e-01
7.32520781e-01
7.32477097e-01
7.32479647e-01
7.32590550e-01
7.32604927e-01
7.32556043e-01
7.32535054e-01
7.32660544e-01
7.32559202e-01
7.32467590e-01
7.32515241e-01
7.32538076e-01
7.32559669e-01
7.32512372e-01
7.32636630e-01
7.32602041e-01
7.32612801e-01
7.32610974e-01
7.32533364e-01
7.32620704e-01
7.32581350e-01
7.32645115e-01
7.32541484e-01
7.32723375e-01
7.32615730e-01
7.32597868e-01
7.32520011e-01
7.32655159e-01
7.32405335e-01
7.32585816e-01
7.32574820e-01
7.32635086e-01
7.32684900e-01
7.32708833e-01
7.32515209e-01
7.32654506e-01
7.32606965e-01
7.32577155e-01
7.32556896e-01
7.32614360e-01
7.32510436e-01
7.32524407e-01
7.32560096e-01
7.32569040e-01
7.32535078e-01
7.32547701e-01
7.32508575e-01
7.32456747e-01
7.32675027e-01
7.32659542e-01
7.32545270e-01
7.32493417e-01
7.32576300e-01
7.32426911e-01
7.32627568e-01
7.32595172e-01
7.32567792e-01
7.32544357e-01
7.32457160e-01
7.32496738e-01
7.32619095e-01
7.32530310e-01
7.32478722e-01
7.32460033e-01
7.32439906e-01
7.32548861e-01
7.32475268e-01
7.32528191e-01
7.32675632e-01
7.32586915e-01
7.32531469e-01
7.32468710e-01
7.32629640e-01
7.32510420e-01
7.32380710e-01
7.32475677e-01
7.32507669e-01
7.32501437e-01
7.32580816e-01
7.32502216e-01
7.32564462e-01
7.32490381e-01
7.32555044e-01
7.32466845e-01
7.32509044e-01
7.32542388e-01
7.32529796e-01
7.32623633e-01
7.32573098e-01
7.32561407e-01
7.32522300e-01
7.32514064e-01
7.32653362e-01
7.32522572e-01
7.32425454e-01
7.32377239e-01
7.32442951e-01
7.32575135e-01
7.32609013e-01
7.32579248e-01
7.32609559e-01
7.32524883e-01
7.32492929e-01
7.32522800e-01
7.32553919e-01
7.32598673e-01
7.32644161e-01
7.32577317e-01
7.32553056e-01
7.32598122e-01
7.32571083e-01
7.32528397e-01
7.32558227e-01
7.32645347e-01
7.32525376e-01
7.32518755e-01
7.32477655e-01
7.32533330e-01
7.32633756e-01
7.32633345e-01
7.32417272e-01
7.32505085e-01
7.32478713e-01
7.32441287e-01
7.32544461e-01
7.32649467e-01
7.32469067e-01
7.32504032e-01
7.32528188e-01
7.32461914e-01
7.32570740e-01
7.32622741e-01
7.32434744e-01
7.32420898e-01
7.32437743e-01
7.32456289e-01
7.32531500e-01
7.32516289e-01
7.32451088e-01
7.32614349e-01
7.32626490e-01
7.32447975e-01
7.32504181e-01
7.32516025e-01
7.32459289e-01
7.32371571e-01
7.32495106e-01
7.32504218e-01
7.32498051e-01
7.32540320e-01
7.32486616e-01
7.32531015e-01
7.32541304e-01
7.32461199e-01
7.32401261e-01
7.32551603e-01
7.32571638e-01
7.32524583e-01
7.32510081e-01
7.32526459e-01
7.32540698e-01
7.32655666e-01
7.32577409e-01
7.32526170e-01
7.32547167e-01
7.32559569e-01
7.32499488e-01
7.32427004e-01
7.32565826e-01
7.32478818e-01
7.32510994e-01
7.32473184e-01
7.32602026e-01
7.32475931e-01
7.32662612e-01
7.32536393e-01
7.32646397e-01
7.32635452e-01
7.32566720e-01
7.32529537e-01
7.32542248e-01
7.32585628e-01
7.32633144e-01
7.32521713e-01
7.32614544e-01
7.32521499e-01
7.32650602e-01
7.32606895e-01
7.32631462e-01
7.32525819e-01
7.32514511e-01
7.32436774e-01
7.32485492e-01
7.32539837e-01
7.32560840e-01
7.32513500e-01
7.32589873e-01
7.32522434e-01
7.32501966e-01
7.32558117e-01
7.32575042e-01
7.32641841e-01
7.32506210e-01
7.32497618e-01
7.32633946e-01
7.32549235e-01
7.32548700e-01
7.32612439e-01
7.32520724e-01
7.32649448e-01
7.32523725e-01
7.32569614e-01
7.32514619e-01
7.32464002e-01
7.32482266e-01
7.32573550e-01
7.32515325e-01
7.32573390e-01
7.32517491e-01
7.32565195e-01
7.32465500e-01
7.32563555e-01
7.32492821e-01
7.32548955e-01
7.32689639e-01
7.32645608e-01
7.32483205e-01
7.32571656e-01
7.32533588e-01
7.32536353e-01
7.32521879e-01
7.32572413e-01
7.32573017e-01
7.32600115e-01
7.32487657e-01
7.32531353e-01
7.32615047e-01
7.32375909e-01
7.32549929e-01
7.32512551e-01
7.32586818e-01
7.32387790e-01
7.32504801e-01
7.32515750e-01
7.32621183e-01
7.32548755e-01
7.32481972e-01
7.32561170e-01
7.32492588e-01
7.32503261e-01
7.32607756e-01
7.32593789e-01
7.32580321e-01
7.32594475e-01
7.32515958e-01
7.32554345e-01
7.32582610e-01
7.32519323e-01
7.32598136e-01
7.32476255e-01
7.32476179e-01
7.32569262e-01
7.32488800e-01
7.32536915e-01
7.32553718e-01
7.32597945e-01
7.32570367e-01
7.32554603e-01
7.32564966e-01
7.32567542e-01
7.32618393e-01
7.32506397e-01
7.32633263e-01
7.32671374e-01
7.32562110e-01
7.32476334e-01
7.32560427e-01
7.32614262e-01
7.32578908e-01
7.32510948e-01
7.32480783e-01
7.32697941e-01
7.32615361e-01
7.32566331e-01
7.32490320e-01
7.32524509e-01
7.32498546e-01
7.32544130e-01
7.32572293e-01
7.32589274e-01
7.32567549e-01
7.32602523e-01
7.32650226e-01
7.32477197e-01
7.32542374e-01
7.32551368e-01
7.32609105e-01
7.32464375e-01
7.32535424e-01
7.32587063e-01
7.32496215e-01
7.32506353e-01
7.32590483e-01
7.32590980e-01
7.32485437e-01
7.32532228e-01
7.32475453e-01
7.32425428e-01
7.32528422e-01
7.32551501e-01
7.32570830e-01
7.32606473e-01
7.32568147e-01
7.32482642e-01
7.32505239e-01
7.32484898e-01
7.32590029e-01
7.32457960e-01
7.32498080e-01
7.32544809e-01
7.32480614e-01
7.32566151e-01
7.32560307e-01
7.32598679e-01
7.32620516e-01
7.32568796e-01
7.32623264e-01
7.32485855e-01
7.32675150e-01
7.32660552e-01
7.32442509e-01
7.32504736e-01
7.32567930e-01
7.32482014e-01
7.32472221e-01
7.32455398e-01
7.32531746e-01
7.32516108e-01
7.32540688e-01
7.32425012e-01
7.32548829e-01
7.32614573e-01
7.32552239e-01
7.32512329e-01
7.32520884e-01
7.32656735e-01
7.32554795e-01
7.32492807e-01
7.32583366e-01
7.32576495e-01
7.32608098e-01
7.32539463e-01
7.32615634e-01
7.32512846e-01
7.32557659e-01
7.32470806e-01
7.32593398e-01
7.32514439e-01
7.32632389e-01
7.32632531e-01
7.32563097e-01
7.32584261e-01
7.32668861e-01
7.32672035e-01
7.32545580e-01
7.32608399e-01
7.32613327e-01
7.32567342e-01
7.32552353e-01
7.32585391e-01
7.32562512e-01
7.32531714e-01
7.32490496e-01
7.32607037e-01
7.32611218e-01
7.32584383e-01
7.32556163e-01
7.32564252e-01
7.32571764e-01
7.32460290e-01
7.32495945e-01
7.32674126e-01
7.32548130e-01
7.32491398e-01
7.32526815e-01
7.32511086e-01
7.32577933e-01
7.32463979e-01
7.32600764e-01
7.32566163e-01
7.32433422e-01
7.32397647e-01
7.32545434e-01
7.32480516e-01
7.32580142e-01
7.32606016e-01
7.32617540e-01
7.32477927e-01
7.32530692e-01
7.32527574e-01
7.32618220e-01
7.32443178e-01
7.32446015e-01
7.32562099e-01
7.32552320e-01
7.32673449e-01
7.32545636e-01
7.32511266e-01
7.32568573e-01
7.32518663e-01
7.32624215e-01
7.32581929e-01
7.32629225e-01
7.32552730e-01
7.32548568e-01
7.32623812e-01
7.32582264e-01
7.32643326e-01
7.32471299e-01
7.32476650e-01
7.32449255e-01
7.32438894e-01
7.32408325e-01
7.32512401e-01
7.32461724e-01
7.32339674e-01
7.32611566e-01
7.32648759e-01
7.32609412e-01
7.32471573e-01
7.32408631e-01
7.32531495e-01
7.32598733e-01
7.32639843e-01
7.32585275e-01
7.32656738e-01
7.32624149e-01
7.32540167e-01
7.32522681e-01
7.32539336e-01
7.32553596e-01
7.32490471e-01
7.32438476e-01
7.32649415e-01
7.32506309e-01
7.32561330e-01
7.32498039e-01
7.32567990e-01
7.32565774e-01
7.32500556e-01
7.32548802e-01
7.32535684e-01
7.32491449e-01
7.32452874e-01
7.32407373e-01
7.32569509e-01
7.32480455e-01
7.32573180e-01
7.32515549e-01
7.32587677e-01
7.32668785e-01
7.32596900e-01
7.32571073e-01
7.32621095e-01
7.32570169e-01
7.32532061e-01
7.32527541e-01
7.32552384e-01
7.32626104e-01
7.32449552e-01
7.32577256e-01
7.32657379e-01
7.32630568e-01
7.32578529e-01
7.32551704e-01
7.32534186e-01
7.32601076e-01
7.32561418e-01
7.32512201e-01
7.32464873e-01
7.32531560e-01
7.32509901e-01
7.32631900e-01
7.32513595e-01
7.32468433e-01
7.32447235e-01
7.32435513e-01
7.32484336e-01
7.32529967e-01
7.32588092e-01
7.32572235e-01
7.32410067e-01
7.32562059e-01
7.32613414e-01
7.32562011e-01
7.32433648e-01
7.32523818e-01
7.32516324e-01
7.32576075e-01
7.32558594e-01
7.32673886e-01
7.32630383e-01
7.32532769e-01
7.32614689e-01
7.32581677e-01
7.32686668e-01
7.32485023e-01
7.32498996e-01
7.32446773e-01
7.32438058e-01
7.32489843e-01
7.32447891e-01
7.32496692e-01
7.32533231e-01
7.32622939e-01
7.32500142e-01
7.32516011e-01
7.32527288e-01
7.32550763e-01
7.32459252e-01
7.32601267e-01
7.32500976e-01
7.32518356e-01
7.32374592e-01
7.32501361e-01
7.32532778e-01
7.32449850e-01
7.32547029e-01
7.32596328e-01
7.32603069e-01
7.32463155e-01
7.32575098e-01
7.32541927e-01
7.32514738e-01
7.32568740e-01
7.32665078e-01
7.32679880e-01
7.32622230e-01
7.32563691e-01
7.32585003e-01
7.32490834e-01
7.32492687e-01
7.32477674e-01
7.32591748e-01
7.32522939e-01
7.32606954e-01
7.32549919e-01
7.32437374e-01
7.32519761e-01
7.32645633e-01
7.32564004e-01
7.32556869e-01
7.32500432e-01
7.32535979e-01
7.32500724e-01
7.32613064e-01
7.32651634e-01
7.32554943e-01
7.32636239e-01
7.32494472e-01
7.32410811e-01
7.32503886e-01
7.32600772e-01
7.32643846e-01
7.32530741e-01
7.32450836e-01
7.32523058e-01
7.32458173e-01
7.32436346e-01
7.32464533e-01
7.32511700e-01
7.32588835e-01
7.32639036e-01
7.32489787e-01
7.32540790e-01
7.32519130e-01
7.32557177e-01
7.32592584e-01
7.32408461e-01
7.32574654e-01
7.32514808e-01
7.32490151e-01
7.32536762e-01
7.32443183e-01
7.32410311e-01
7.32652022e-01
7.32604051e-01
7.32495585e-01
7.32569949e-01
7.32533360e-01
7.32533861e-01
7.32668722e-01
7.32706755e-01
7.32524173e-01
7.32532238e-01
7.32589057e-01
7.32536110e-01
7.32509373e-01
7.32446119e-01
7.32473359e-01
7.32459269e-01
7.32496074e-01
7.32463738e-01
7.32506195e-01
7.32557588e-01
7.32456718e-01
7.32554307e-01
7.32647016e-01
7.32553650e-01
7.32531475e-01
7.32480724e-01
7.32535469e-01
7.32543943e-01
7.32656036e-01
7.32642814e-01
7.32614451e-01
7.32491736e-01
7.32469696e-01
7.32470087e-01
7.32497049e-01
7.32442079e-01
7.32380499e-01
7.32602386e-01
7.32524905e-01
7.32527738e-01
7.32535565e-01
7.32498434e-01
7.32650430e-01
7.32493850e-01
7.32441997e-01
7.32554727e-01
7.32497977e-01
7.32631335e-01
7.32582604e-01
7.32523559e-01
7.32550264e-01
7.32570053e-01
7.32598573e-01
7.32504905e-01
7.32503988e-01
7.32600205e-01
7.32614216e-01
7.32496041e-01
7.32583969e-01
7.32567564e-01
7.32553768e-01
7.32565929e-01
7.32559789e-01
7.32615320e-01
7.32509614e-01
7.32554695e-01
