1.23022260e-02
1.10686850e-02
1.11562441e-02
1.06253710e-02
1.02401899e-02
1.04284207e-02
1.02976318e-02
1.03657742e-02
9.94427142e-03
1.01056832e-02
9.80678754e-03
1.01608194e-02
9.81468551e-03
9.87222089e-03
9.86095371e-03
9.92576937e-03
9.81506602e-03
9.78825426e-03
9.87406033e-03
9.61087095e-03
9.50365340e-03
9.56354020e-03
9.80925724e-03
9.58218339e-03
9.74781561e-03
9.77695426e-03
9.62933632e-03
9.65052542e-03
9.77407549e-03
9.37264100e-03
9.61139500e-03
9.39615700e-03
9.69323166e-03
9.55787468e-03
9.56090807e-03
9.89327243e-03
9.66642236e-03
9.85040865e-03
9.67957999e-03
9.65720920e-03
9.78251399e-03
9.68720198e-03
9.63504192e-03
9.87101452e-03
9.77361471e-03
9.59626166e-03
9.62856292e-03
9.50047037e-03
9.51931098e-03
9.59550596e-03
9.68063870e-03
9.73284599e-03
9.71499864e-03
9.75136255e-03
9.32128118e-03
9.50623053e-03
9.61494053e-03
9.53538767e-03
9.48730399e-03
9.58941557e-03
9.34123253e-03
9.54752575e-03
9.34518505e-03
9.37217650e-03
9.69723383e-03
9.45387800e-03
9.68551981e-03
9.69552389e-03
9.56152808e-03
9.97871373e-03
9.60697389e-03
9.61341806e-03
9.60560954e-03
9.66592643e-03
9.47018167e-03
9.57594553e-03
9.64915661e-03
9.26489626e-03
9.75838130e-03
9.51977790e-03
9.42236036e-03
9.30167406e-03
9.56677766e-03
9.58806983e-03
9.74672716e-03
9.64301600e-03
9.52654615e-03
9.81155139e-03
9.35789478e-03
9.57442525e-03
9.48918990e-03
9.53333084e-03
9.53814585e-03
9.41942265e-03
9.43023152e-03
9.43746394e-03
9.55570893e-03
9.47059065e-03
9.44701846e-03
9.91569829e-03
9.49239906e-03
9.38988984e-03
9.42437072e-03
9.45425287e-03
9.74592222e-03
9.71637786e-03
9.35103881e-03
9.55529500e-03
9.44204456e-03
9.78468734e-03
9.66357532e-03
9.63539295e-03
9.60663887e-03
9.45356044e-03
9.51810295e-03
9.30706352e-03
9.54332129e-03
9.63437656e-03
9.47793777e-03
9.36843656e-03
9.51286973e-03
9.45732886e-03
9.22243625e-03
9.48340118e-03
9.50384618e-03
9.75332397e-03
9.55165134e-03
9.55466645e-03
9.38845777e-03
9.40500580e-03
9.48466249e-03
9.64306060e-03
9.53478107e-03
9.44707474e-03
9.36015649e-03
9.41182539e-03
9.58655460e-03
9.23106936e-03
9.71381120e-03
9.38124490e-03
9.56097768e-03
9.59974940e-03
9.14193928e-03
9.48415170e-03
9.74015828e-03
9.55162726e-03
9.62875914e-03
9.36278116e-03
9.49521812e-03
9.50627107e-03
9.52506622e-03
9.19530656e-03
9.62356730e-03
9.67977090e-03
9.76698204e-03
9.32764133e-03
9.62780778e-03
9.22342721e-03
9.34843324e-03
9.11931906e-03
9.31801175e-03
9.39319561e-03
9.07696563e-03
9.39792965e-03
9.55609432e-03
9.57318264e-03
9.32917619e-03
9.45807121e-03
9.33462771e-03
9.47442969e-03
9.52448328e-03
9.38500866e-03
9.70427497e-03
9.53535807e-03
9.35016074e-03
9.41798949e-03
9.57403852e-03
9.51092987e-03
9.36066255e-03
9.50275813e-03
9.54351973e-03
9.32490058e-03
9.59078481e-03
9.55996440e-03
9.33929641e-03
9.17523813e-03
9.52438189e-03
9.16166909e-03
9.68211485e-03
9.62593193e-03
9.75373729e-03
9.64730094e-03
9.45773771e-03
9.14241548e-03
9.45491026e-03
9.50357216e-03
9.55943246e-03
9.56716824e-03
9.59933765e-03
9.52778125e-03
9.35428958e-03
9.66168571e-03
9.72780573e-03
9.27324620e-03
9.68679406e-03
9.54360868e-03
9.69700065e-03
9.55227626e-03
9.58391191e-03
9.44093009e-03
9.61748558e-03
9.55560481e-03
9.66659810e-03
9.52500969e-03
9.59892252e-03
9.70409389e-03
9.57146631e-03
9.66798631e-03
9.47475605e-03
9.50909051e-03
9.88751120e-03
9.52518850e-03
9.38348587e-03
9.55710631e-03
9.52495592e-03
9.68979462e-03
9.52475154e-03
9.35650552e-03
9.64331097e-03
9.47841825e-03
9.44737901e-03
9.67328109e-03
9.71982625e-03
9.51679696e-03
9.66271820e-03
9.55171481e-03
9.75108962e-03
9.30039175e-03
9.49487314e-03
9.39847577e-03
9.39099784e-03
9.37285129e-03
9.56756243e-03
9.34615249e-03
9.39813763e-03
9.47318990e-03
9.36470462e-03
9.47577942e-03
9.52716444e-03
9.39967853e-03
9.44632333e-03
9.33627425e-03
9.56965985e-03
9.45851106e-03
9.20626931e-03
9.53942679e-03
9.64629850e-03
9.44617305e-03
9.49947453e-03
9.60670961e-03
9.52864311e-03
9.82234080e-03
9.72954083e-03
9.78334020e-03
9.76615071e-03
9.60735490e-03
9.54092782e-03
9.76176305e-03
9.69136578e-03
9.52117870e-03
9.45504443e-03
9.57184531e-03
9.58097646e-03
9.36750740e-03
9.52048361e-03
9.50912069e-03
9.59724862e-03
9.56519192e-03
9.36047257e-03
9.51681710e-03
9.36604001e-03
9.38295811e-03
9.38488221e-03
9.58446622e-03
9.43732940e-03
9.22378775e-03
9.38045613e-03
9.49731986e-03
9.06418852e-03
9.38751974e-03
9.37502229e-03
9.38100612e-03
9.45033210e-03
9.65008391e-03
9.37584619e-03
9.48227268e-03
9.44772374e-03
9.37910683e-03
9.45307330e-03
9.75292035e-03
9.33600362e-03
9.35469717e-03
9.25342435e-03
9.58677942e-03
9.54085560e-03
9.57405371e-03
9.26267724e-03
9.60461093e-03
9.79516271e-03
9.58943352e-03
9.54051153e-03
9.66499770e-03
9.66102100e-03
9.50072706e-03
9.29578294e-03
9.53325147e-03
9.35174490e-03
9.32503845e-03
9.52106439e-03
9.48107963e-03
9.47449809e-03
9.48984970e-03
9.59997555e-03
9.59357892e-03
9.47916544e-03
9.51189644e-03
9.51483844e-03
9.53289183e-03
9.58521979e-03
9.52683926e-03
9.53459356e-03
9.45730312e-03
9.46842171e-03
9.40371422e-03
9.59070625e-03
9.41053058e-03
9.47769604e-03
9.79499596e-03
9.34046853e-03
9.38022694e-03
9.53581426e-03
9.50115824e-03
9.48302728e-03
9.43709508e-03
9.27716434e-03
9.46377737e-03
9.33814660e-03
9.55783548e-03
9.45651451e-03
9.32498164e-03
9.46976932e-03
9.20021615e-03
9.36984969e-03
9.56839034e-03
9.45333764e-03
9.59793038e-03
9.37775311e-03
9.39268822e-03
9.48836770e-03
9.31440493e-03
9.84650488e-03
9.65472346e-03
9.47663325e-03
9.41254228e-03
9.31043262e-03
9.38009565e-03
9.56707437e-03
9.52200954e-03
9.44330584e-03
9.50268137e-03
9.33062768e-03
9.21619918e-03
9.31296285e-03
9.39616512e-03
9.45517170e-03
9.55703969e-03
9.46808997e-03
9.40795698e-03
9.58130422e-03
9.38943912e-03
9.51962016e-03
9.63036372e-03
9.58545351e-03
9.29028927e-03
9.67284168e-03
9.77117607e-03
9.46988257e-03
9.65514750e-03
9.85483022e-03
9.62009045e-03
9.67379900e-03
9.51309683e-03
9.45179984e-03
9.73490711e-03
9.65287204e-03
9.38521511e-03
9.81823720e-03
9.50326892e-03
9.59621812e-03
9.29366375e-03
9.61865027e-03
9.64779747e-03
9.46424413e-03
9.47422976e-03
9.98455352e-03
9.84857857e-03
9.43214049e-03
9.59652082e-03
9.40802177e-03
9.55018345e-03
9.39353902e-03
9.52479238e-03
9.51346904e-03
9.61591484e-03
9.64941084e-03
9.37846509e-03
9.60985188e-03
9.44203444e-03
9.36145770e-03
9.51638779e-03
9.25551143e-03
9.71351042e-03
9.54081093e-03
9.48153665e-03
9.53927805e-03
9.12063576e-03
9.40237503e-03
9.32212231e-03
9.67615197e-03
9.42691718e-03
9.29378503e-03
9.56323535e-03
9.19039641e-03
9.42050977e-03
9.31424586e-03
9.53499777e-03
9.36095923e-03
9.77616010e-03
9.31546032e-03
9.27452251e-03
9.68240624e-03
9.53396224e-03
9.53248558e-03
9.29308200e-03
9.22695042e-03
9.25454476e-03
9.36596472e-03
9.35502397e-03
9.54763746e-03
9.27443795e-03
9.31338142e-03
9.62134631e-03
9.37140641e-03
9.42676602e-03
9.46510618e-03
9.44251162e-03
9.51294839e-03
9.57994492e-03
9.40999489e-03
9.36957180e-03
9.57679589e-03
9.31104694e-03
9.45437024e-03
9.71928359e-03
9.43282337e-03
9.52105757e-03
9.57967569e-03
9.66176336e-03
9.50586297e-03
9.49904002e-03
9.29519046e-03
9.57374563e-03
9.57080686e-03
9.66805586e-03
9.50890061e-03
9.54795598e-03
9.19480393e-03
9.47455100e-03
9.38603901e-03
9.55196905e-03
9.56208429e-03
9.58193322e-03
9.30435529e-03
9.58447554e-03
9.19398729e-03
9.42209751e-03
9.47464853e-03
9.49928281e-03
9.39629693e-03
9.94399564e-03
9.43671464e-03
9.67278991e-03
9.45450962e-03
9.30029984e-03
9.20298578e-03
9.25892440e-03
9.31967754e-03
9.32209860e-03
9.52051730e-03
9.29202864e-03
9.45180366e-03
9.34304681e-03
9.64778465e-03
9.67649791e-03
9.50734208e-03
9.61833984e-03
9.60384702e-03
9.62706161e-03
9.27779045e-03
9.44238730e-03
9.51175614e-03
9.54792744e-03
9.63355781e-03
9.23281600e-03
9.70521409e-03
9.34393018e-03
9.29725928e-03
9.49618456e-03
9.44714752e-03
9.62550750e-03
9.42672295e-03
9.71815702e-03
9.33052106e-03
9.53263539e-03
9.50852147e-03
9.64548941e-03
9.68642130e-03
9.45956093e-03
9.33440578e-03
9.36920720e-03
9.54564140e-03
9.23212032e-03
9.40353283e-03
9.45126117e-03
9.51946666e-03
9.59494403e-03
9.45753117e-03
9.60681735e-03
9.58728357e-03
9.56540138e-03
9.69355785e-03
9.56416991e-03
9.59912154e-03
9.31493410e-03
9.36564784e-03
9.43297585e-03
9.42264484e-03
9.57908324e-03
9.41187075e-03
9.57333690e-03
9.48221254e-03
9.79447284e-03
9.54747694e-03
9.66325662e-03
9.48924759e-03
9.64590637e-03
9.65038663e-03
9.58189750e-03
9.61463719e-03
9.35269473e-03
9.66073818e-03
9.47027395e-03
9.83589246e-03
9.53110328e-03
9.59041810e-03
9.60674348e-03
9.66605368e-03
9.29884126e-03
9.59692066e-03
9.54672410e-03
9.84448597e-03
9.70814500e-03
9.53592531e-03
9.63913926e-03
9.93213523e-03
9.67580377e-03
9.52232134e-03
9.34813272e-03
9.70120524e-03
9.69971673e-03
9.55242432e-03
9.76377542e-03
9.71571393e-03
9.41868342e-03
9.61656497e-03
9.69041518e-03
9.50094802e-03
9.39455278e-03
9.59683710e-03
9.37559730e-03
9.26179251e-03
9.45342449e-03
9.56804018e-03
9.96425080e-03
9.45638654e-03
9.50953735e-03
9.43220898e-03
9.51762421e-03
9.45432243e-03
9.35918677e-03
9.52464777e-03
9.75958353e-03
9.35178594e-03
9.39780568e-03
9.39432548e-03
9.61722897e-03
9.78862195e-03
9.64833508e-03
9.31126117e-03
9.53935732e-03
9.42632080e-03
9.46060113e-03
9.52482994e-03
9.47664370e-03
9.61396165e-03
9.35873170e-03
9.36155365e-03
9.43430092e-03
9.25516835e-03
9.47026316e-03
9.48222206e-03
9.34155822e-03
9.42933351e-03
9.45546531e-03
9.50223835e-03
9.31760726e-03
9.07492252e-03
9.66871186e-03
9.44803108e-03
9.35447034e-03
9.63488336e-03
9.53314133e-03
9.56100676e-03
9.55352905e-03
9.36823521e-03
9.60577658e-03
9.40989555e-03
9.73864414e-03
9.63595710e-03
9.55915840e-03
9.65020715e-03
9.52210650e-03
9.49955473e-03
9.53239294e-03
9.60939304e-03
9.19236072e-03
9.49101047e-03
9.71203667e-03
9.54017013e-03
9.45469880e-03
9.50088561e-03
9.60750098e-03
9.58058128e-03
9.12647463e-03
9.48395319e-03
9.31949944e-03
9.23608647e-03
9.38688219e-03
9.21831716e-03
9.33034072e-03
9.24913463e-03
9.24980208e-03
9.57006327e-03
9.37156292e-03
9.40622035e-03
9.39001161e-03
9.39960078e-03
9.28968066e-03
9.39080494e-03
9.50601305e-03
9.10385626e-03
9.47366030e-03
9.56294528e-03
9.30818803e-03
9.78563042e-03
9.31244576e-03
9.15139618e-03
9.67539421e-03
9.46923723e-03
9.55260155e-03
9.65177573e-03
9.62781110e-03
9.58991818e-03
9.56584904e-03
9.21743921e-03
9.73146391e-03
9.35474437e-03
9.67211063e-03
9.26722598e-03
9.45919535e-03
9.56481368e-03
9.59475873e-03
9.37566048e-03
9.33788481e-03
9.53138306e-03
9.36315420e-03
9.41825911e-03
9.74391003e-03
9.66500500e-03
9.37758660e-03
9.46821378e-03
9.42469827e-03
9.69567165e-03
9.58738571e-03
9.21906379e-03
9.16532376e-03
9.31845685e-03
9.57968615e-03
9.62488684e-03
9.33418039e-03
9.35415343e-03
9.49851956e-03
9.66775599e-03
9.61471327e-03
9.71877925e-03
9.74691530e-03
9.48448955e-03
9.52736268e-03
9.70505340e-03
9.42503835e-03
9.57015309e-03
9.84580827e-03
9.67165841e-03
9.31266873e-03
9.60114691e-03
9.69777571e-03
9.55921884e-03
9.99247760e-03
9.63147865e-03
9.46522391e-03
9.40870494e-03
9.72936722e-03
9.12953257e-03
9.40691654e-03
9.38396610e-03
9.33328704e-03
9.23862302e-03
9.30467678e-03
9.16424647e-03
9.35914354e-03
9.46995047e-03
9.63331276e-03
9.55788552e-03
9.25646521e-03
9.59586125e-03
9.51984177e-03
9.68486680e-03
9.58510044e-03
9.53792352e-03
9.73055833e-03
9.59436355e-03
9.66740195e-03
9.44860052e-03
9.61228566e-03
9.55024646e-03
9.42043884e-03
9.56251113e-03
9.89392227e-03
9.70732152e-03
9.75599367e-03
9.42321181e-03
9.42320878e-03
9.43547057e-03
9.53206765e-03
9.51545017e-03
9.49064024e-03
9.70041692e-03
9.23547456e-03
9.26683408e-03
9.59321525e-03
9.52181177e-03
9.38269663e-03
9.42193524e-03
9.24818840e-03
9.32319143e-03
9.41865714e-03
9.73801974e-03
9.43462835e-03
9.46849980e-03
9.61888237e-03
9.43041838e-03
9.52429787e-03
9.67320009e-03
9.47267688e-03
9.50394844e-03
9.30139406e-03
9.41463403e-03
9.60379070e-03
9.26437012e-03
9.39085380e-03
9.37569378e-03
9.75426295e-03
9.58184926e-03
9.74657651e-03
9.46897148e-03
9.47759545e-03
9.74183734e-03
9.59533062e-03
9.54945919e-03
9.58786671e-03
9.41720289e-03
9.48203966e-03
9.41283346e-03
9.58328134e-03
9.62736961e-03
9.67247332e-03
9.47956950e-03
9.59055168e-03
9.60526892e-03
9.71604617e-03
9.45018632e-03
9.55508672e-03
9.51843874e-03
9.61160611e-03
9.59543899e-03
9.32714857e-03
9.53410730e-03
9.70842458e-03
9.50291759e-03
9.16303454e-03
9.29446091e-03
9.33487005e-03
9.58006548e-03
9.67324864e-03
9.42590011e-03
9.50437824e-03
9.40168807e-03
9.41090381e-03
9.40918365e-03
9.76561743e-03
9.48811293e-03
9.46155069e-03
9.34223570e-03
9.47670982e-03
9.65095034e-03
9.25515151e-03
9.23808104e-03
9.42903744e-03
9.21431214e-03
9.29783200e-03
9.51862441e-03
9.56612889e-03
9.68210837e-03
9.26729729e-03
9.55695598e-03
9.57826623e-03
9.48124680e-03
9.33824010e-03
9.37976043e-03
9.75790336e-03
9.63934661e-03
9.63635133e-03
9.39772032e-03
9.87229667e-03
9.57728333e-03
9.40802466e-03
9.41657813e-03
9.58847588e-03
9.21296855e-03
9.38481686e-03
9.28790991e-03
9.39873089e-03
9.52347663e-03
9.50503184e-03
9.77216630e-03
9.32838223e-03
9.31664656e-03
9.57039169e-03
9.51640294e-03
9.52054862e-03
9.49709454e-03
9.42187562e-03
9.54842884e-03
9.57856547e-03
9.59994578e-03
9.60591644e-03
9.34878873e-03
9.39008849e-03
9.72035480e-03
9.47545731e-03
9.60592490e-03
9.52680398e-03
9.42159059e-03
9.45054910e-03
9.78648503e-03
9.51306502e-03
9.74150398e-03
9.44389848e-03
9.39854658e-03
9.67882846e-03
9.45391490e-03
9.16845764e-03
9.50565920e-03
9.62378106e-03
9.28524758e-03
9.71967235e-03
9.67359781e-03
9.83913414e-03
9.84191737e-03
9.62915526e-03
9.77714543e-03
9.53186647e-03
9.31239995e-03
9.38542573e-03
9.69322565e-03
9.49080000e-03
9.48856723e-03
9.51192146e-03
9.38765899e-03
9.37826379e-03
9.56938878e-03
9.34525727e-03
9.60432928e-03
9.52067777e-03
9.31242854e-03
9.48955125e-03
9.14201821e-03
9.36556926e-03
9.58931710e-03
9.55093409e-03
9.64288239e-03
9.84302626e-03
9.59789196e-03
9.72677875e-03
9.68225983e-03
9.65207526e-03
9.64048087e-03
9.50552696e-03
9.73680512e-03
9.57108062e-03
9.67916070e-03
9.49603097e-03
9.41167317e-03
9.48042359e-03
9.80865559e-03
9.54243572e-03
9.69878491e-03
9.55203631e-03
9.54690678e-03
9.50043973e-03
9.63667200e-03
9.65788193e-03
9.71033405e-03
9.29376039e-03
9.68292667e-03
9.68415998e-03
9.37631287e-03
9.71365330e-03
9.58814743e-03
9.57735043e-03
9.70881131e-03
9.67412758e-03
9.74217847e-03
9.61081082e-03
9.46693332e-03
9.43205056e-03
9.84587336e-03
9.41171449e-03
9.38521074e-03
9.45409586e-03
9.71021334e-03
9.44869529e-03
9.51716344e-03
9.53325396e-03
9.45708228e-03
9.41286431e-03
9.28588641e-03
9.39841016e-03
9.34352538e-03
9.24128920e-03
9.55965370e-03
9.45675582e-03
9.54219696e-03
9.45870803e-03
9.50800840e-03
9.68569809e-03
9.59613475e-03
9.56041322e-03
9.60683408e-03
9.63814893e-03
9.60447606e-03
9.75413180e-03
9.78083571e-03
9.70518133e-03
9.78154728e-03
9.50241009e-03
9.52993928e-03
9.48688184e-03
9.71200879e-03
9.59462845e-03
9.33587908e-03
9.52875068e-03
9.47452124e-03
9.63493406e-03
9.47326355e-03
9.41161126e-03
9.57884260e-03
9.76756600e-03
9.70490046e-03
9.38444323e-03
