4.94690591e-02
4.75526950e-02
4.71864673e-02
4.59756080e-02
4.55243654e-02
4.52501072e-02
4.52270028e-02
4.55380219e-02
4.51407919e-02
4.51289471e-02
4.48880413e-02
4.47533674e-02
4.46218357e-02
4.47192898e-02
4.45911882e-02
4.48740278e-02
4.49140457e-02
4.44201200e-02
4.46109963e-02
4.43290524e-02
4.43323141e-02
4.44931631e-02
4.46458857e-02
4.44605730e-02
4.45883222e-02
4.45272130e-02
4.41998013e-02
4.43513104e-02
4.41337566e-02
4.41849959e-02
4.43973681e-02
4.45449100e-02
4.42405397e-02
4.42469096e-02
4.42980406e-02
4.43803402e-02
4.40254759e-02
4.45623247e-02
4.43669619e-02
4.45490212e-02
4.46920196e-02
4.45977003e-02
4.45006134e-02
4.45518413e-02
4.45334275e-02
4.42705739e-02
4.43809418e-02
4.41666940e-02
4.43303266e-02
4.44189830e-02
4.42915157e-02
4.43498010e-02
4.44238674e-02
4.42934915e-02
4.44477551e-02
4.43354997e-02
4.43142171e-02
4.42693964e-02
4.45259960e-02
4.46654651e-02
4.45949443e-02
4.42760618e-02
4.45601890e-02
4.44514914e-02
4.44602854e-02
4.46253948e-02
4.48410750e-02
4.47272215e-02
4.47226993e-02
4.44280105e-02
4.46024566e-02
4.44099232e-02
4.43859751e-02
4.47028585e-02
4.44580867e-02
4.46401448e-02
4.45962414e-02
4.38206117e-02
4.38247997e-02
4.41309803e-02
4.42945079e-02
4.42545921e-02
4.41476871e-02
4.42160011e-02
4.43141210e-02
4.43263391e-02
4.42686361e-02
4.38972628e-02
4.41670241e-02
4.40255317e-02
4.45379097e-02
4.42526379e-02
4.42019676e-02
4.40498409e-02
4.45210963e-02
4.42891644e-02
4.42440185e-02
4.43109398e-02
4.39542647e-02
4.42614987e-02
4.43024089e-02
4.42203560e-02
4.44704867e-02
4.43894453e-02
4.42690222e-02
4.43677669e-02
4.41683315e-02
4.46329940e-02
4.41509418e-02
4.45344828e-02
4.41479376e-02
4.43886537e-02
4.44102098e-02
4.44862663e-02
4.41831195e-02
4.43640699e-02
4.46674601e-02
4.47395414e-02
4.45778656e-02
4.45767423e-02
4.44394235e-02
4.44176112e-02
4.41217600e-02
4.45373681e-02
4.43229240e-02
4.43958257e-02
4.44168948e-02
4.41124479e-02
4.42057562e-02
4.42222866e-02
4.41581676e-02
4.42294046e-02
4.42860948e-02
4.46605906e-02
4.44058575e-02
4.43889291e-02
4.42674860e-02
4.43484408e-02
4.45347378e-02
4.42281059e-02
4.39777608e-02
4.42363811e-02
4.45191748e-02
4.43879415e-02
4.45425495e-02
4.43160482e-02
4.42368907e-02
4.41441759e-02
4.41564558e-02
4.40811501e-02
4.45007349e-02
4.42379789e-02
4.43174229e-02
4.43832126e-02
4.44096487e-02
4.41610279e-02
4.43048023e-02
4.36110034e-02
4.38171566e-02
4.38596563e-02
4.40599033e-02
4.38504625e-02
4.39493082e-02
4.38499001e-02
4.40251454e-02
4.40343533e-02
4.41896045e-02
4.43522140e-02
4.41037309e-02
4.40637799e-02
4.43744022e-02
4.38780810e-02
4.41824814e-02
4.41756734e-02
4.39950168e-02
4.40877051e-02
4.41637248e-02
4.41500278e-02
4.41759441e-02
4.43432678e-02
4.41284203e-02
4.43578503e-02
4.43252361e-02
4.40350307e-02
4.40711018e-02
4.39448254e-02
4.41133525e-02
4.43260966e-02
4.42024149e-02
4.44202511e-02
4.45109241e-02
4.46188256e-02
4.44593158e-02
4.43115893e-02
4.40107205e-02
4.43997179e-02
4.40982619e-02
4.41818245e-02
4.40889159e-02
4.41004990e-02
4.40558067e-02
4.41590422e-02
4.42600909e-02
4.41025482e-02
4.43819991e-02
4.42367436e-02
4.42333293e-02
4.42713036e-02
4.41921040e-02
4.41952637e-02
4.42150632e-02
4.42527121e-02
4.43606715e-02
4.41826228e-02
4.44653730e-02
4.44393843e-02
4.45360384e-02
4.46772789e-02
4.44614154e-02
4.45274422e-02
4.42987841e-02
4.44369157e-02
4.44146603e-02
4.42325756e-02
4.44221225e-02
4.44481821e-02
4.46390477e-02
4.41963405e-02
4.44330358e-02
4.43659803e-02
4.41873652e-02
4.41662655e-02
4.42839178e-02
4.44902600e-02
4.44143306e-02
4.44901248e-02
4.43620338e-02
4.43395740e-02
4.43309698e-02
4.40199432e-02
4.42681273e-02
4.41430089e-02
4.43824424e-02
4.42348620e-02
4.43267572e-02
4.40446363e-02
4.40848473e-02
4.44130067e-02
4.44211260e-02
4.44225672e-02
4.45458945e-02
4.40504776e-02
4.44077897e-02
4.42347112e-02
4.43062824e-02
4.45558396e-02
4.42709992e-02
4.42921199e-02
4.44107707e-02
4.45388075e-02
4.45763606e-02
4.44120400e-02
4.46478043e-02
4.45156689e-02
4.46511393e-02
4.43815080e-02
4.42722648e-02
4.43415627e-02
4.43086624e-02
4.41576759e-02
4.42112875e-02
4.46176752e-02
4.43777842e-02
4.39988559e-02
4.44027534e-02
4.43846139e-02
4.44213078e-02
4.44636433e-02
4.43739846e-02
4.41402240e-02
4.42471716e-02
4.40326554e-02
4.43887138e-02
4.41111863e-02
4.41516406e-02
4.39534652e-02
4.38957084e-02
4.38784273e-02
4.40225788e-02
4.41505444e-02
4.42093001e-02
4.40980269e-02
4.38851853e-02
4.40029787e-02
4.43045626e-02
4.41595542e-02
4.42301334e-02
4.42811684e-02
4.41294645e-02
4.43369213e-02
4.39226894e-02
4.42207445e-02
4.40846467e-02
4.41985047e-02
4.43151496e-02
4.43433408e-02
4.41261936e-02
4.40771638e-02
4.42440181e-02
4.40188739e-02
4.45752852e-02
4.44327210e-02
4.43995936e-02
4.43068335e-02
4.40028128e-02
4.41807993e-02
4.43871186e-02
4.40968994e-02
4.39159641e-02
4.38644540e-02
4.39223749e-02
4.39988832e-02
4.42505988e-02
4.43333332e-02
4.44124877e-02
4.43660191e-02
4.44117972e-02
4.42896556e-02
4.44501431e-02
4.42357198e-02
4.43634216e-02
4.40904413e-02
4.43195136e-02
4.42277971e-02
4.44079470e-02
4.44314139e-02
4.40108074e-02
4.42711963e-02
4.41733342e-02
4.44907126e-02
4.43799756e-02
4.43181899e-02
4.45287161e-02
4.43235527e-02
4.41882048e-02
4.42310617e-02
4.42921006e-02
4.41516656e-02
4.43609460e-02
4.42703310e-02
4.43275253e-02
4.43035066e-02
4.42529193e-02
4.45938422e-02
4.40765704e-02
4.43632908e-02
4.43784134e-02
4.43173984e-02
4.43019946e-02
4.43096972e-02
4.42536364e-02
4.44010422e-02
4.41793418e-02
4.41952194e-02
4.41862784e-02
4.40743693e-02
4.42998508e-02
4.42829004e-02
4.43312684e-02
4.43375234e-02
4.42842326e-02
4.40815028e-02
4.42259073e-02
4.42511012e-02
4.41561408e-02
4.43918693e-02
4.43119504e-02
4.43444138e-02
4.41802620e-02
4.42488241e-02
4.41729839e-02
4.46078588e-02
4.43448838e-02
4.41447644e-02
4.45951899e-02
4.45757054e-02
4.43851747e-02
4.44968772e-02
4.44311991e-02
4.46704291e-02
4.41956395e-02
4.41784042e-02
4.41868162e-02
4.45451440e-02
4.44422920e-02
4.41001758e-02
4.43428187e-02
4.41803376e-02
4.44301682e-02
4.44514712e-02
4.43809993e-02
4.44978090e-02
4.45255769e-02
4.45527541e-02
4.43148204e-02
4.42247326e-02
4.41003063e-02
4.42184585e-02
4.39616958e-02
4.43545634e-02
4.40523670e-02
4.40527314e-02
4.44276529e-02
4.39823548e-02
4.43374709e-02
4.41252764e-02
4.41465556e-02
4.43165378e-02
4.43602313e-02
4.43283522e-02
4.40824645e-02
4.41238855e-02
4.42401521e-02
4.41780015e-02
4.43355586e-02
4.40333466e-02
4.40472384e-02
4.42139710e-02
4.42712567e-02
4.43016379e-02
4.41792529e-02
4.40611974e-02
4.42550726e-02
4.40763442e-02
4.40805794e-02
4.40822076e-02
4.40765451e-02
4.44045278e-02
4.42729671e-02
4.43473717e-02
4.43948274e-02
4.41929961e-02
4.39590461e-02
4.40966346e-02
4.41813684e-02
4.39683189e-02
4.43369882e-02
4.40460232e-02
4.40437848e-02
4.39555172e-02
4.41798411e-02
4.43820042e-02
4.43226371e-02
4.42460976e-02
4.44894421e-02
4.42736133e-02
4.42136715e-02
4.42381868e-02
4.43197138e-02
4.41656104e-02
4.42102225e-02
4.43319684e-02
4.43002441e-02
4.42381030e-02
4.42551967e-02
4.43074693e-02
4.42632347e-02
4.44673755e-02
4.44705369e-02
4.43022914e-02
4.42524800e-02
4.44139942e-02
4.44487489e-02
4.42965614e-02
4.42063944e-02
4.42799206e-02
4.42903294e-02
4.40699992e-02
4.40639299e-02
4.42210174e-02
4.43397040e-02
4.42569494e-02
4.41774729e-02
4.43384286e-02
4.43177627e-02
4.45127268e-02
4.44088527e-02
4.43490363e-02
4.43931908e-02
4.43786579e-02
4.41387206e-02
4.41431265e-02
4.42276554e-02
4.41815825e-02
4.35603409e-02
4.42439947e-02
4.38904031e-02
4.42365705e-02
4.43310261e-02
4.41748416e-02
4.42871522e-02
4.42915113e-02
4.41304168e-02
4.39419457e-02
4.41396276e-02
4.40029839e-02
4.43766925e-02
4.43366820e-02
4.43881272e-02
4.43962809e-02
4.43727177e-02
4.41397428e-02
4.43642698e-02
4.42321582e-02
4.43988180e-02
4.44036489e-02
4.42317841e-02
4.41964881e-02
4.43347902e-02
4.44240109e-02
4.40189262e-02
4.44091301e-02
4.41727312e-02
4.44889325e-02
4.45307182e-02
4.45807118e-02
4.42927874e-02
4.43665082e-02
4.43467778e-02
4.43814066e-02
4.43462803e-02
4.45119338e-02
4.42818412e-02
4.44990440e-02
4.42580365e-02
4.44729083e-02
4.45406155e-02
4.45302308e-02
4.41581645e-02
4.44027794e-02
4.45860859e-02
4.44680881e-02
4.42354889e-02
4.40343847e-02
4.43144691e-02
4.43105115e-02
4.41764697e-02
4.43808437e-02
4.43948227e-02
4.45058220e-02
4.44066632e-02
4.44486563e-02
4.43391341e-02
4.45943007e-02
4.45498805e-02
4.44101868e-02
4.47558236e-02
4.45167056e-02
4.44056879e-02
4.43910046e-02
4.41579678e-02
4.42109788e-02
4.42521066e-02
4.44956342e-02
4.44054070e-02
4.41799339e-02
4.43544607e-02
4.44774593e-02
4.43896374e-02
4.44742898e-02
4.44192805e-02
4.42937346e-02
4.44400645e-02
4.45003900e-02
4.45496444e-02
4.44691879e-02
4.45829923e-02
4.43381427e-02
4.41808590e-02
4.43038091e-02
4.41877240e-02
4.45493610e-02
4.42464989e-02
4.41190799e-02
4.41258913e-02
4.42580312e-02
4.43927236e-02
4.43315000e-02
4.44208624e-02
4.41985967e-02
4.42549293e-02
4.42475321e-02
4.42049084e-02
4.39888976e-02
4.44700225e-02
4.43079294e-02
4.43477696e-02
4.45783371e-02
4.44107440e-02
4.40923966e-02
4.40484384e-02
4.41729469e-02
4.39893367e-02
4.40148474e-02
4.38760715e-02
4.43650996e-02
4.44256795e-02
4.45615525e-02
4.45680517e-02
4.40723835e-02
4.41281068e-02
4.41743095e-02
4.45384791e-02
4.47229506e-02
4.44257835e-02
4.42665888e-02
4.42722293e-02
4.42858305e-02
4.41749289e-02
4.43297543e-02
4.40594717e-02
4.41993116e-02
4.42021762e-02
4.42837366e-02
4.42189908e-02
4.42141437e-02
4.38003238e-02
4.43072784e-02
4.40084904e-02
4.39521865e-02
4.41092929e-02
4.43464103e-02
4.39952750e-02
4.42841746e-02
4.40417789e-02
4.40577767e-02
4.41827244e-02
4.40649533e-02
4.43166913e-02
4.42711067e-02
4.45184362e-02
4.43645439e-02
4.41496419e-02
4.43634845e-02
4.44516753e-02
4.40327860e-02
4.43691608e-02
4.43304774e-02
4.40648672e-02
4.41889313e-02
4.42629750e-02
4.46708073e-02
4.43520723e-02
4.41521234e-02
4.40663103e-02
4.40989062e-02
4.39614535e-02
4.40340436e-02
4.41055386e-02
4.38125405e-02
4.41326356e-02
4.42621989e-02
4.40287121e-02
4.41799553e-02
4.38267709e-02
4.40976733e-02
4.42101304e-02
4.42783381e-02
4.43734918e-02
4.40351612e-02
4.45969205e-02
4.42068775e-02
4.44915748e-02
4.42681313e-02
4.44478133e-02
4.44943003e-02
4.43175116e-02
4.44669518e-02
4.44181063e-02
4.44818766e-02
4.41481070e-02
4.40047839e-02
4.41360255e-02
4.41835428e-02
4.42249374e-02
4.47081326e-02
4.43905309e-02
4.40865548e-02
4.43961367e-02
4.42936152e-02
4.44020798e-02
4.43489594e-02
4.40467882e-02
4.43677122e-02
4.44269754e-02
4.45352851e-02
4.44311644e-02
4.42161709e-02
4.46866685e-02
4.45187810e-02
4.42133916e-02
4.46556645e-02
4.41848824e-02
4.44327823e-02
4.43159925e-02
4.43161630e-02
4.41850741e-02
4.40999812e-02
4.43850869e-02
4.46334853e-02
4.42112369e-02
4.45405601e-02
4.47755982e-02
4.44067206e-02
4.43922169e-02
4.46006813e-02
4.42398661e-02
4.43424723e-02
4.44230450e-02
4.39743364e-02
4.42066744e-02
4.48061635e-02
4.47785581e-02
4.43769912e-02
4.45318625e-02
4.47068380e-02
4.42925201e-02
4.45263476e-02
4.40649264e-02
4.43588830e-02
4.43828571e-02
4.42566249e-02
4.37857250e-02
4.41189100e-02
4.40901273e-02
4.42942429e-02
4.40073343e-02
4.43471354e-02
4.41543874e-02
4.41913762e-02
4.39224478e-02
4.43494861e-02
4.42810057e-02
4.45114678e-02
4.42704912e-02
4.43466650e-02
4.42088453e-02
4.42983692e-02
4.44442103e-02
4.45990007e-02
4.40870741e-02
4.42345298e-02
4.41269186e-02
4.44459876e-02
4.46436644e-02
4.45510952e-02
4.43677688e-02
4.44911167e-02
4.40420693e-02
4.44380612e-02
4.44255481e-02
4.42293070e-02
4.42722262e-02
4.44063500e-02
4.43791128e-02
4.43159171e-02
4.43635339e-02
4.39488907e-02
4.40462174e-02
4.40865040e-02
4.42046205e-02
4.41685706e-02
4.44105407e-02
4.39289308e-02
4.41545095e-02
4.43977768e-02
4.42579508e-02
4.45282383e-02
4.41711893e-02
4.43569073e-02
4.43410015e-02
4.43198511e-02
4.44693984e-02
4.44345912e-02
4.41463027e-02
4.42503617e-02
4.42407797e-02
4.40039435e-02
4.40532719e-02
4.40832775e-02
4.39635463e-02
4.43162165e-02
4.41387388e-02
4.42217017e-02
4.44514606e-02
4.43910156e-02
4.45078567e-02
4.41864975e-02
4.41438142e-02
4.42634924e-02
4.42063521e-02
4.39879365e-02
4.41489978e-02
4.39821842e-02
4.41219292e-02
4.42885859e-02
4.44358429e-02
4.45179610e-02
4.46071985e-02
4.45916723e-02
4.44619897e-02
4.44261593e-02
4.44847339e-02
4.42279649e-02
4.42782499e-02
4.41476338e-02
4.43932147e-02
4.41305949e-02
4.39947885e-02
4.43310362e-02
4.42653398e-02
4.41059654e-02
4.45701744e-02
4.43633546e-02
4.42627977e-02
4.43222911e-02
4.42927857e-02
4.42710523e-02
4.40953710e-02
4.43715280e-02
4.42915831e-02
4.41860905e-02
4.41075837e-02
4.40124447e-02
4.41193961e-02
4.42131002e-02
4.38802081e-02
4.40654383e-02
4.42262982e-02
4.40332748e-02
4.42531198e-02
4.42926264e-02
4.44148073e-02
4.43863824e-02
4.39267306e-02
4.44673683e-02
4.42871910e-02
4.44219073e-02
4.44736989e-02
4.41703835e-02
4.43307106e-02
4.41499486e-02
4.46297319e-02
4.45658242e-02
4.42210145e-02
4.45189061e-02
4.43501694e-02
4.41652200e-02
4.41642843e-02
4.40529967e-02
4.43181222e-02
4.42180265e-02
4.42854020e-02
4.42955023e-02
4.44781023e-02
4.43744155e-02
4.43673901e-02
4.43408470e-02
4.41352895e-02
4.41657549e-02
4.38806658e-02
4.42210584e-02
4.42038933e-02
4.43613627e-02
4.43976504e-02
4.43326831e-02
4.41526307e-02
4.45765057e-02
4.45222333e-02
4.42768569e-02
4.45359154e-02
4.48679211e-02
4.42701880e-02
4.45106875e-02
4.41733734e-02
4.45409894e-02
4.44380302e-02
4.43804056e-02
4.38852825e-02
4.46034263e-02
4.44789428e-02
4.41970801e-02
4.42793367e-02
4.44315593e-02
4.45144543e-02
4.43397296e-02
4.40344556e-02
4.45276580e-02
4.47486775e-02
4.44848994e-02
4.44575899e-02
4.43437019e-02
4.46725465e-02
4.44382331e-02
4.45737761e-02
4.41725101e-02
4.42146968e-02
4.41944245e-02
4.43361273e-02
4.43644429e-02
4.44610992e-02
4.43751766e-02
4.42801516e-02
4.40525264e-02
4.43103739e-02
4.44377206e-02
4.40750831e-02
4.42123662e-02
4.43417584e-02
4.42063681e-02
4.44663413e-02
4.44274856e-02
4.41174053e-02
4.46927426e-02
4.43803738e-02
4.41301614e-02
4.44265214e-02
4.42831053e-02
4.43749121e-02
4.42617092e-02
4.43983738e-02
4.40754183e-02
4.41808218e-02
4.43689396e-02
4.46960678e-02
4.47228605e-02
4.46290381e-02
4.45925815e-02
4.44436789e-02
4.44207420e-02
4.43822414e-02
4.48588544e-02
4.43529002e-02
4.44431742e-02
4.44886515e-02
4.47401789e-02
4.44860960e-02
4.44816661e-02
4.42028006e-02
4.44923322e-02
4.45743157e-02
4.42731590e-02
4.44061388e-02
4.44062695e-02
4.44819291e-02
4.44536314e-02
4.43774530e-02
4.44335682e-02
4.42028111e-02
4.39795926e-02
4.41923407e-02
4.42706516e-02
4.42203094e-02
4.41462824e-02
4.41531149e-02
4.41239163e-02
4.42909576e-02
4.39361884e-02
4.40753845e-02
4.41371189e-02
4.41555010e-02
4.42089316e-02
4.43519663e-02
4.44726378e-02
4.41730089e-02
4.43890324e-02
4.43692919e-02
4.39197935e-02
4.43440900e-02
4.44926549e-02
4.44910602e-02
4.44520572e-02
4.46307151e-02
4.43651752e-02
4.44513087e-02
4.47246407e-02
4.46977427e-02
4.42286677e-02
4.44267138e-02
4.46294510e-02
4.45631768e-02
4.40891559e-02
4.47017632e-02
4.43273034e-02
4.40641182e-02
4.42060394e-02
4.43242918e-02
4.47356112e-02
4.41492098e-02
4.44333892e-02
