3.46162654e-04
1.05810931e-04
-1.48727822e-05
3.48028136e-04
2.64011087e-04
2.19495617e-04
1.68469507e-04
2.22011473e-04
1.18007379e-04
-1.16264679e-04
-9.06948689e-06
2.28334536e-04
-2.73480640e-05
-2.04566929e-06
2.25053296e-04
5.82734558e-05
1.12962443e-04
2.37047727e-04
1.66529780e-04
7.03526827e-06
1.23545801e-04
-3.97536043e-05
3.15329199e-06
5.71904718e-05
7.48194726e-05
-1.28205364e-04
3.83085558e-06
2.08860646e-04
-1.63338724e-05
2.57965569e-05
5.80947573e-05
-1.48777653e-04
4.04778430e-05
1.58684375e-04
-1.06961485e-04
4.23720253e-04
2.72817794e-04
1.09862816e-04
-1.59130746e-04
2.83965154e-04
1.86301453e-04
1.22359981e-04
4.46957365e-05
1.02213938e-04
4.43467326e-05
-5.39646219e-05
1.19150760e-04
2.72438742e-04
1.32778819e-04
-8.08029593e-05
1.47349836e-04
6.47092102e-05
1.62319926e-04
3.75599497e-05
1.17584453e-04
7.13517776e-05
2.37107524e-05
-4.67142650e-05
1.20450265e-05
4.99346605e-05
3.31415205e-04
1.09196703e-04
-1.58314970e-05
2.78815955e-04
-9.74926361e-05
5.55854253e-05
-1.56817102e-04
-1.34603540e-04
8.71610644e-05
6.50304356e-05
7.65279904e-05
5.81499096e-05
7.39286194e-05
1.35185420e-04
4.54404041e-07
-1.26644571e-04
1.04043215e-04
-9.88521691e-05
2.68113681e-04
-1.29464858e-04
1.29658031e-04
2.98887432e-04
1.35929495e-04
1.82546766e-04
1.71336307e-04
1.43144685e-04
-8.20729918e-05
-5.21103088e-05
1.91650431e-04
7.41653129e-05
1.78461690e-04
7.33641789e-05
1.08338347e-04
1.78755338e-04
3.64122001e-04
-6.06890000e-05
1.19480501e-04
-7.07877832e-05
2.25113112e-04
1.75126136e-04
7.67873553e-05
4.60664441e-05
7.66687705e-05
2.24177143e-04
-1.79898428e-05
-1.34058452e-04
1.54693314e-04
1.78614161e-04
-1.11862911e-04
1.75643023e-04
1.69774830e-04
1.03456163e-04
-3.68233480e-05
2.18124765e-04
3.89168380e-05
2.71468948e-04
2.34432353e-04
1.40839755e-05
-9.46807999e-07
-3.05747076e-04
2.00362614e-04
-1.31324303e-04
1.33728348e-04
4.44958732e-05
1.68933785e-04
7.54772688e-05
-1.53105377e-04
1.05238844e-04
-1.10877111e-04
9.34060148e-05
-1.08560900e-04
4.56041956e-05
8.25156956e-05
1.53877427e-04
1.75284939e-04
9.07554035e-05
8.81873946e-05
3.65936741e-04
6.87458919e-05
-8.18018353e-05
1.03699321e-04
8.03323942e-05
2.96435548e-05
-5.26016636e-05
6.92260445e-05
7.91539101e-05
-8.69843397e-05
-9.24994657e-05
2.34002520e-04
2.77993788e-04
-2.32016308e-05
6.30683505e-05
-1.44791285e-04
6.11801175e-05
-6.25605951e-06
1.32177234e-04
2.88675618e-05
7.23115333e-05
-9.90655073e-05
1.36654203e-04
2.94599937e-05
3.97970372e-05
1.36559521e-05
1.35982778e-04
2.46032594e-05
3.03143672e-05
8.03130690e-06
2.37754519e-04
5.64182048e-05
1.99312994e-04
1.75806467e-04
4.93459904e-05
3.15203792e-04
1.50961703e-04
1.56965154e-04
6.45392419e-05
1.57958566e-04
3.31780757e-04
1.42846183e-04
1.63693155e-04
1.95040972e-04
1.22545354e-04
1.77998128e-04
-1.08043992e-04
7.64545396e-05
2.02749100e-04
7.82194188e-05
4.88757246e-05
3.67306131e-05
3.47438622e-05
-1.24588075e-05
2.11797233e-04
-4.87050079e-05
7.21425606e-05
1.36258128e-04
1.87767926e-04
-3.40817311e-06
7.07199763e-05
-1.18868034e-04
-9.38388993e-05
1.74596725e-04
-8.51608451e-06
2.42113567e-04
-1.55013075e-05
2.26896954e-04
-9.28812505e-05
3.23530775e-04
-9.01716710e-05
5.54687346e-05
5.55106316e-05
2.73977200e-04
-1.40926709e-05
1.41392114e-04
1.58153349e-05
3.98858825e-05
-3.72990330e-05
-1.13894048e-04
9.66868283e-05
1.22656006e-05
2.69259321e-05
-5.03518175e-05
1.94174885e-04
2.11641581e-04
7.10274862e-05
9.43534195e-05
1.61570746e-04
1.07084628e-04
4.02874990e-04
-3.06014776e-06
8.22716742e-05
1.00708753e-04
1.77179806e-04
9.69894389e-05
1.49995380e-04
3.18502902e-04
-1.20360552e-04
1.95498582e-04
-1.14935982e-04
2.38672427e-04
-7.98170014e-05
2.49664627e-04
2.60683595e-04
9.20382189e-05
1.11581169e-04
4.93183255e-05
8.14797180e-05
1.67325992e-04
5.57593953e-06
7.15983978e-05
-3.18082407e-06
1.81700609e-04
2.45573060e-04
2.48607200e-04
1.51901008e-04
1.37117668e-04
4.13065152e-05
-1.43551404e-04
1.72003568e-04
1.53189786e-04
-1.55506602e-04
1.29357618e-04
1.85157341e-04
1.84068894e-05
2.98610726e-05
1.30346839e-04
-4.54566008e-05
1.90167365e-04
-1.61624740e-04
-3.64986831e-05
5.35088535e-06
6.27038601e-05
4.58420755e-05
-1.11820624e-04
9.57163449e-05
-3.21559044e-05
8.10967262e-05
2.53375884e-04
1.83325195e-04
-3.51631319e-05
6.37474089e-05
2.36720899e-04
1.86599661e-04
2.49349255e-04
1.24788120e-04
1.09447262e-04
6.32183259e-05
3.77375505e-04
-2.87801203e-05
2.44768259e-04
2.54676930e-04
-2.27469294e-07
-4.71679432e-05
2.98642959e-04
3.18084734e-05
-2.26957388e-05
1.30311098e-04
-1.12910875e-05
-2.07193672e-05
1.75165844e-04
6.10066959e-05
8.82682799e-05
1.52886047e-04
6.13714722e-05
2.55174681e-04
9.61182458e-05
-1.31121997e-04
-2.30402980e-05
1.03079040e-05
8.32562806e-05
2.37046012e-04
1.31265556e-04
5.40591541e-05
1.16901029e-04
2.05542231e-04
2.29700245e-04
1.52733751e-04
1.39594296e-04
2.97034422e-04
-4.07058542e-06
-2.17110571e-05
1.80177878e-04
1.65809755e-04
4.37070305e-05
-9.37019061e-05
-3.15549895e-05
-2.35819315e-05
4.34806210e-05
2.73879087e-04
-2.88425135e-05
8.09669697e-05
3.54376023e-04
2.62438435e-04
6.43062845e-05
-4.23063659e-05
3.65598542e-04
2.08199148e-04
1.81044457e-05
1.61622216e-04
2.73097968e-04
3.68783210e-04
8.18969055e-05
1.43245300e-04
-1.22853012e-04
1.51296186e-04
2.22918904e-04
1.49651055e-04
5.03850419e-05
6.21175713e-05
1.11451309e-04
2.63022866e-04
-2.25451265e-05
5.63717258e-05
-4.96336998e-05
2.12558787e-04
-8.58308046e-05
5.66810522e-05
3.28123919e-04
2.44233727e-05
7.24526793e-05
2.09532429e-04
1.48476612e-04
-5.18033126e-05
5.18839142e-05
2.49463488e-04
2.41067932e-05
5.91784458e-05
-2.08604311e-05
2.23117609e-04
-1.29036474e-04
3.13152438e-04
1.26752797e-04
1.15590503e-04
2.10402726e-04
1.33811423e-04
2.28768404e-04
-2.82403342e-05
1.62548975e-04
9.31139144e-05
2.32489163e-04
9.74723913e-05
2.58952463e-04
4.96204989e-05
9.06714549e-05
1.65795565e-04
1.10325137e-04
8.41354684e-05
5.70783969e-05
5.73530024e-05
1.87978303e-04
2.26525627e-04
5.05642696e-05
1.88164688e-05
1.10288288e-04
2.49870768e-04
2.96362966e-04
-3.50792138e-05
1.11565445e-05
1.17821940e-04
9.37428646e-05
1.65768970e-04
5.50500663e-05
-1.73493760e-05
2.80612243e-04
7.19195318e-05
1.04189311e-04
3.96590296e-04
6.26209821e-05
-1.22300960e-04
2.00869378e-04
1.04016192e-04
-1.30599325e-04
1.01123854e-04
-1.95788810e-05
1.03656604e-04
9.38580469e-05
5.27515034e-06
1.14429402e-04
2.05905114e-04
9.66370465e-05
4.29259273e-04
3.02800191e-05
2.24906463e-04
-2.26490873e-04
3.13258796e-04
-2.88338787e-05
-1.09981190e-04
1.94140091e-05
-1.43744263e-04
1.32157113e-04
6.73551926e-05
6.80377433e-05
-1.87259185e-04
2.86617910e-04
-5.40890711e-06
-4.56684920e-05
7.56445564e-06
1.37681582e-04
2.48938630e-04
1.51387214e-04
2.06064484e-04
1.68020499e-04
-1.83253515e-04
9.78005281e-05
-2.47265828e-04
2.75377099e-04
2.55631591e-04
6.54086288e-05
1.80350767e-04
1.52265131e-04
6.02533428e-05
1.71099568e-04
5.46491656e-05
3.40158474e-05
3.54937924e-06
6.56118339e-05
3.83204110e-04
-7.19954716e-05
-4.16746941e-06
-3.41606941e-05
-1.22626932e-05
2.44349660e-04
8.59582530e-05
-3.44095717e-05
1.47578400e-04
4.02118780e-05
-1.51776540e-04
4.15800270e-05
-9.75370317e-05
-2.25737832e-04
8.47749795e-05
-5.14572119e-05
-1.60008141e-05
-2.87564854e-05
-5.82893829e-05
1.98617013e-04
1.54072425e-05
-1.43566461e-05
2.46263234e-04
1.83501415e-04
6.20458370e-05
-6.23192676e-05
1.07881940e-05
2.16259235e-05
4.91866239e-05
1.52030904e-04
8.12422389e-05
1.49876198e-04
1.54227642e-04
1.48371028e-04
4.97915762e-05
1.06815856e-04
1.30608963e-04
-4.91002234e-05
8.06235584e-05
-1.28399794e-04
1.69786519e-04
4.64666655e-05
-3.28606176e-05
9.53553317e-06
1.72331275e-04
1.61098688e-05
-6.83215930e-05
1.72548463e-04
1.36959075e-04
1.90418527e-04
-8.71875679e-05
1.88662497e-04
1.33211497e-05
1.46475680e-04
1.70020506e-04
6.93251041e-05
-4.90130167e-06
6.04832039e-05
2.10299558e-04
1.69909582e-05
5.30060847e-05
1.40053276e-04
-8.34672063e-05
2.27865991e-05
1.92351495e-04
-1.71165303e-04
2.88255301e-05
9.15141839e-05
1.23166827e-04
-3.83365560e-05
3.22306485e-04
6.94062314e-05
2.50151434e-04
-7.76551919e-05
1.54819883e-04
-6.10176162e-05
-4.13810896e-05
4.61594343e-05
-6.10660875e-05
1.37641040e-04
6.33163722e-05
2.42874783e-04
1.45818056e-04
6.86257592e-05
1.57086190e-04
-9.74807362e-05
-8.01167378e-05
2.31064634e-04
1.23221407e-04
1.46637573e-04
6.70321134e-05
2.00125329e-04
-1.70480932e-05
3.01780960e-05
1.46235324e-04
1.01573397e-04
1.66397135e-04
-5.03706612e-05
3.29070633e-04
-4.05398101e-05
1.49592954e-05
1.00289068e-04
2.02868996e-04
1.29650829e-04
1.91271523e-04
1.19160067e-04
1.64789589e-05
1.01243406e-04
3.21735680e-05
9.04785016e-05
3.10841049e-04
7.90899618e-05
3.17233719e-04
-1.88875389e-05
2.72275580e-04
3.61035800e-05
9.89601307e-05
-3.38973148e-05
-2.76954747e-05
6.01434886e-05
1.39986857e-04
1.02481520e-04
6.45156982e-05
1.26402628e-04
9.61775022e-05
2.91474882e-05
1.81990325e-04
1.04918217e-04
2.15670733e-04
-1.66536434e-04
1.59618062e-04
-1.16998849e-04
1.54228310e-04
3.25482128e-05
8.81109950e-06
7.30924103e-05
9.72593873e-05
1.24602041e-04
1.53524317e-04
4.08703287e-05
-4.28089952e-05
8.45465564e-05
-6.63767568e-06
2.08806530e-04
1.26388306e-04
8.01198753e-05
-5.59095979e-05
2.07944610e-04
2.04257077e-04
1.57604000e-04
8.61751941e-05
4.18924878e-05
1.00275414e-04
-7.90847530e-05
-5.12327048e-05
-1.00286903e-04
5.21823626e-05
9.02556717e-05
1.99725098e-04
3.07687055e-04
2.28745499e-04
1.68127348e-04
-9.93658775e-05
1.45718451e-04
1.22478887e-04
-7.75442227e-05
1.87008061e-05
-1.32536922e-04
1.29368909e-04
3.08489112e-04
6.17236734e-05
-8.78087126e-05
1.50717054e-04
-4.15619056e-05
8.32831016e-05
1.05494473e-04
-7.06681879e-06
-4.30776529e-05
-1.51591544e-04
-1.87249350e-05
1.30165261e-04
-1.86669658e-04
-5.34689415e-05
3.72177470e-04
4.86935120e-06
1.30994311e-04
7.07388721e-05
-3.87442788e-06
2.84312029e-05
8.68910417e-05
-1.59040801e-04
-1.98429130e-05
-1.20018302e-04
1.91929202e-04
6.42796584e-05
-3.38863092e-05
1.76332599e-04
-3.11513585e-04
2.40770065e-04
5.88334659e-05
1.04808734e-04
1.03660984e-04
3.60774655e-04
3.25906115e-06
-5.79132474e-05
1.83663588e-04
2.20707766e-04
5.14828708e-05
1.29007426e-04
4.33970332e-05
2.82717616e-04
-1.66781616e-04
9.90434822e-05
-5.40863748e-05
2.86820177e-04
5.24475206e-05
2.38201703e-04
-1.24364394e-04
-1.62246375e-04
1.13775265e-04
1.49520256e-04
-1.09926740e-04
1.66870219e-04
1.35898905e-04
2.39925425e-04
1.66939747e-04
-7.35863650e-05
-2.36301585e-05
3.67887998e-05
5.52626526e-05
-4.58298093e-07
1.46963176e-04
1.41260859e-04
-1.75126970e-05
1.45781043e-04
1.21607648e-04
1.68894749e-04
1.18095246e-04
1.27784750e-04
4.03611495e-05
1.37592629e-04
3.56638269e-04
-1.76504129e-04
-2.42934221e-05
2.84720043e-04
-6.70699411e-05
9.80726311e-05
1.15802014e-05
4.34693317e-05
1.47550790e-04
1.34548635e-04
4.64351905e-05
-4.29711121e-05
1.55839994e-04
7.34219667e-05
-2.58994501e-05
7.52497531e-05
5.09419561e-05
2.35624480e-04
2.51847629e-04
9.71733326e-06
1.03964252e-04
8.41011954e-05
-1.52252113e-04
2.57025174e-04
2.39524572e-04
1.58340251e-04
5.61455991e-05
-1.34946077e-04
1.13448689e-04
2.85799002e-05
2.04336050e-06
1.38443448e-04
6.05422475e-05
1.68924280e-04
1.92244802e-04
1.09997031e-04
1.66148713e-04
1.86808138e-04
1.04276404e-04
1.21628489e-04
2.19866317e-04
1.45845110e-04
-1.39590098e-04
9.33485692e-05
9.86544893e-05
-1.20495406e-04
-1.45032767e-04
1.46018285e-05
2.69407804e-04
1.19383502e-04
-1.37003533e-04
5.31628907e-05
-4.40214076e-05
9.57305165e-05
-5.85451552e-05
3.64457896e-04
3.85197813e-04
6.63773719e-05
6.38989278e-05
2.45485150e-04
1.96947544e-05
1.09539184e-04
1.11897934e-04
-1.06151251e-05
-2.49257367e-04
-2.72376365e-04
1.34418803e-04
-1.13356921e-05
4.06030444e-05
1.69393991e-04
-1.84327016e-04
1.67045612e-04
1.19357960e-06
5.44020448e-05
3.51008482e-04
-1.79812995e-05
1.12550712e-04
-4.69830167e-05
2.70113617e-05
-1.66630884e-04
6.63185529e-06
1.27251827e-04
3.61546106e-05
-1.23437250e-04
2.97247121e-04
1.95978329e-04
3.05301402e-04
-1.15642683e-04
-8.61953490e-05
4.72960341e-05
-4.89603221e-05
2.48978137e-04
-2.25572994e-04
2.70724570e-05
-1.44675910e-04
3.43318978e-04
1.07921378e-04
1.11209189e-04
7.90805078e-05
1.42789852e-04
2.60919988e-05
1.73385342e-04
6.39400720e-05
1.22071050e-04
2.57345996e-05
2.41800595e-04
4.20653600e-05
6.94117577e-05
3.81263716e-05
5.17921583e-05
2.87578145e-04
2.87933689e-05
-5.58407436e-05
-5.06420043e-05
1.23090966e-04
1.63304986e-04
-2.29953568e-04
8.15879421e-05
5.16632159e-05
1.95756710e-04
7.09838360e-06
1.59994240e-04
1.31659840e-04
9.78152199e-05
2.87252183e-04
7.91056218e-05
1.17877931e-04
-8.14207009e-05
-1.22245878e-04
1.65498012e-04
-1.78724694e-05
-1.93313084e-05
2.39510266e-04
1.00098290e-04
2.08907794e-04
-3.74012182e-05
2.86757952e-04
-1.93548459e-05
-1.89664998e-05
2.36688298e-04
1.08335766e-04
3.18605658e-05
9.61509495e-05
1.91293041e-04
1.96081392e-04
1.64434561e-04
1.08058638e-04
1.17531975e-04
1.50596298e-04
1.11080898e-06
2.05347543e-04
-6.88927888e-05
6.64737423e-05
9.28120734e-05
1.36719130e-04
-2.18418254e-05
1.65835762e-04
-5.40308072e-05
-2.97188147e-05
2.73626052e-04
1.69932965e-04
1.53339084e-04
1.02710795e-04
9.64360253e-05
1.67298974e-04
3.36454341e-04
-1.77444119e-04
1.56664360e-04
1.50363356e-04
1.00653716e-04
5.76891362e-05
-1.54826460e-04
-2.20035634e-05
1.00666092e-04
-1.29574232e-04
4.17216200e-05
1.46148017e-04
-1.09842669e-04
1.54838104e-04
-4.87994375e-05
1.06883348e-05
2.53651447e-04
-3.87015945e-05
3.51673740e-04
1.09905192e-04
1.31358199e-04
6.00784390e-05
1.08603666e-04
-1.92533845e-04
4.07945526e-04
8.52628924e-05
1.69613846e-04
2.29991534e-04
1.21899350e-04
7.14030689e-05
8.49303102e-05
5.67861085e-05
1.38987793e-04
5.90558909e-05
1.19778357e-04
-1.55181211e-04
1.45685041e-04
2.31961660e-04
3.52791986e-05
1.57375408e-04
3.20247344e-05
4.02351978e-05
7.38852874e-05
2.65767619e-04
1.41088624e-04
-1.06785652e-04
1.61390369e-04
1.22895095e-04
1.24336267e-04
-2.86093547e-05
2.78824511e-04
-9.40305988e-05
-1.82202585e-04
8.98509502e-05
6.96125927e-05
7.54999940e-05
-3.64049327e-05
-6.39274814e-05
1.49237981e-04
5.54482674e-05
-3.33027680e-05
5.74591463e-05
1.36161079e-04
-7.34501819e-06
1.18597517e-04
5.89128103e-05
1.01859037e-04
1.71098533e-04
-3.24298615e-06
-1.49021364e-04
1.00263716e-04
1.05991043e-04
-4.61805621e-05
1.66335083e-04
-1.41320221e-04
2.09930647e-04
1.58832005e-04
2.08997606e-04
-1.74875223e-05
5.02110115e-04
1.85249361e-04
3.25121463e-05
2.37127675e-04
-8.69665695e-05
1.52993308e-04
8.46755847e-05
3.81451451e-05
1.88107856e-04
2.01210451e-04
2.65632312e-04
1.66062183e-05
2.44730625e-04
1.39988368e-04
1.48094594e-05
1.17826489e-04
1.40815128e-05
1.58645795e-04
8.28564695e-05
1.79400394e-04
-4.74660524e-05
-2.06701278e-05
-8.68181538e-05
9.10908676e-05
1.54088505e-04
7.93824578e-05
5.29194583e-05
-4.22384150e-05
-9.24668559e-05
1.69924253e-05
2.38482197e-04
3.03975469e-04
8.78307110e-05
9.24288012e-05
5.98866089e-05
3.23475723e-04
2.94838874e-05
-3.13901007e-05
-1.82117200e-04
-6.59375016e-05
1.05127726e-05
-1.32567407e-05
-1.01218593e-05
8.81940611e-05
3.08103163e-05
4.27660159e-05
1.14548210e-04
4.86583104e-05
7.53033058e-05
1.07275048e-04
5.92256442e-05
1.21726117e-04
-1.19666671e-04
7.04024892e-05
1.07702230e-04
2.84656111e-04
1.47003029e-04
2.12977424e-04
7.03713591e-05
2.64347640e-04
