3.24957235e-03
2.86395122e-03
2.54207329e-03
2.57173716e-03
2.47557654e-03
2.54258283e-03
2.17742119e-03
2.41098778e-03
2.39780497e-03
2.13650797e-03
2.04288368e-03
2.18916946e-03
2.18371741e-03
2.20012441e-03
2.23012414e-03
2.43166792e-03
2.19693112e-03
2.06713042e-03
2.22423236e-03
2.16780134e-03
2.09589875e-03
1.96496789e-03
1.89090069e-03
2.15752299e-03
2.03395239e-03
2.12870291e-03
1.89656669e-03
2.10929652e-03
1.88687455e-03
1.91585923e-03
2.11582543e-03
2.25161659e-03
2.02006029e-03
2.11504222e-03
1.82799665e-03
1.98989619e-03
2.05756471e-03
2.14185791e-03
2.10742176e-03
2.00124010e-03
2.25201948e-03
2.11386493e-03
2.23185370e-03
2.09379743e-03
1.94438848e-03
1.77730056e-03
1.97118400e-03
1.97847678e-03
2.04210127e-03
2.14590788e-03
2.04556694e-03
1.98422408e-03
2.08002951e-03
2.18922502e-03
1.98317653e-03
2.00043409e-03
1.96361967e-03
1.90235822e-03
2.11431540e-03
1.80896346e-03
2.15397548e-03
1.92002920e-03
2.05316616e-03
1.98795108e-03
1.94958939e-03
2.17429490e-03
1.92617947e-03
1.94549055e-03
1.97188094e-03
2.11162713e-03
2.01334977e-03
2.08253826e-03
2.20722929e-03
1.89047298e-03
2.05517655e-03
1.94558244e-03
2.15379154e-03
1.95032216e-03
1.95715191e-03
1.89695508e-03
2.02834664e-03
2.00742648e-03
1.93856646e-03
2.07812557e-03
1.94419085e-03
1.80376375e-03
1.84559891e-03
2.20150110e-03
1.93920265e-03
2.01349897e-03
1.90947520e-03
1.91918569e-03
1.93115948e-03
1.90369097e-03
1.97943489e-03
1.89941203e-03
1.74886336e-03
1.87750709e-03
1.92717251e-03
2.02822595e-03
2.13871293e-03
1.79969940e-03
2.08219207e-03
2.11366867e-03
1.76727877e-03
1.80142497e-03
2.03908661e-03
1.97773990e-03
1.91495257e-03
2.00361514e-03
2.13855673e-03
2.11026060e-03
2.36659453e-03
1.93216986e-03
1.92140289e-03
2.02568208e-03
2.24301601e-03
1.88145185e-03
2.16553729e-03
1.98534790e-03
2.02547893e-03
1.81047277e-03
2.02256126e-03
2.06596753e-03
1.74661112e-03
1.94132582e-03
2.05329051e-03
1.99797712e-03
2.01457745e-03
1.83933407e-03
1.93778402e-03
1.92554754e-03
2.11854250e-03
1.90019132e-03
2.03072968e-03
1.92348662e-03
1.85635751e-03
1.97717026e-03
2.01856298e-03
1.77513834e-03
1.76852057e-03
2.03116696e-03
1.92024853e-03
1.93156977e-03
1.90176699e-03
2.06030236e-03
1.90979548e-03
2.14433988e-03
1.89569719e-03
2.03074526e-03
2.07241365e-03
2.02055366e-03
2.28345204e-03
1.93355733e-03
2.07128497e-03
1.99285692e-03
1.84671527e-03
2.18795045e-03
1.74561593e-03
1.68326295e-03
1.83225264e-03
1.84461198e-03
1.85967079e-03
1.75152428e-03
2.00803818e-03
1.76452967e-03
2.11305634e-03
2.10250731e-03
1.98035357e-03
2.03231300e-03
2.00074220e-03
2.07735376e-03
2.10319933e-03
1.97666717e-03
1.91471530e-03
2.00806380e-03
1.88206396e-03
1.82043211e-03
2.06028781e-03
1.94492692e-03
1.92729957e-03
2.02309732e-03
1.71889740e-03
2.02481829e-03
1.90638403e-03
2.01107721e-03
2.05182803e-03
1.92102298e-03
1.92426078e-03
1.95403762e-03
2.11168775e-03
2.04855208e-03
2.20152359e-03
2.02540641e-03
2.12080233e-03
2.03202736e-03
2.12123742e-03
1.93869043e-03
2.14840445e-03
1.97143637e-03
1.95015207e-03
1.99158459e-03
2.03583620e-03
1.84289344e-03
1.90061684e-03
2.20968000e-03
1.98418777e-03
2.05533054e-03
2.08484429e-03
2.13348628e-03
2.00242312e-03
2.12671962e-03
1.89257740e-03
2.17307992e-03
1.90927398e-03
1.80013267e-03
2.13702235e-03
1.86297259e-03
1.83009647e-03
1.96696343e-03
1.89978699e-03
1.95353449e-03
1.86634332e-03
2.07338181e-03
2.09690271e-03
1.91158976e-03
1.92634545e-03
1.80343127e-03
2.06407733e-03
2.08626260e-03
1.95307418e-03
1.88844054e-03
1.92176035e-03
2.09546945e-03
1.98305295e-03
1.96914311e-03
2.25232417e-03
1.85533158e-03
2.04772044e-03
1.88585551e-03
1.81773657e-03
1.88826627e-03
2.25227504e-03
1.99319802e-03
1.99396558e-03
1.96199403e-03
1.88364286e-03
2.01705987e-03
2.05580138e-03
1.99055191e-03
2.24736722e-03
2.21516768e-03
2.00738289e-03
1.86922493e-03
1.89077073e-03
2.03199258e-03
1.77219853e-03
1.81746030e-03
2.37322484e-03
2.20541235e-03
1.89277227e-03
1.98014463e-03
1.82159929e-03
1.77085070e-03
2.04865700e-03
1.96584405e-03
2.08196639e-03
2.03327743e-03
2.02679707e-03
2.04140623e-03
2.00856016e-03
1.99335937e-03
1.96958542e-03
1.88662674e-03
1.88543483e-03
1.97928334e-03
2.01026396e-03
1.91608044e-03
2.00172398e-03
1.89998692e-03
2.02569816e-03
2.12596566e-03
2.13858738e-03
1.93935778e-03
2.07598746e-03
2.07384556e-03
1.98292792e-03
1.75889704e-03
1.63200397e-03
1.66598611e-03
1.96781509e-03
1.75518546e-03
1.99554419e-03
2.12641695e-03
1.89755783e-03
2.24114223e-03
1.97334313e-03
1.88307727e-03
1.88679828e-03
1.63939014e-03
2.01284977e-03
2.00839793e-03
1.77354276e-03
1.89890438e-03
1.86279473e-03
2.15363032e-03
1.98142474e-03
1.92225185e-03
2.12783552e-03
1.85553767e-03
2.18330150e-03
1.98192945e-03
2.10728979e-03
1.88635511e-03
2.10660133e-03
1.72808478e-03
1.86956994e-03
1.93559526e-03
2.06034737e-03
2.02619058e-03
1.66004439e-03
2.00926625e-03
2.04495876e-03
1.80869848e-03
1.98607880e-03
1.98582774e-03
2.02313167e-03
1.87342622e-03
1.99253390e-03
1.77716926e-03
1.94121790e-03
1.92380031e-03
1.60577888e-03
1.86395255e-03
2.23467208e-03
1.84668753e-03
1.71612267e-03
2.10517378e-03
2.05976683e-03
1.80240256e-03
1.95293351e-03
2.06394527e-03
2.15624503e-03
2.23516247e-03
1.95480244e-03
1.92906025e-03
2.14104751e-03
1.62170640e-03
1.90859300e-03
2.00794831e-03
2.05054687e-03
2.00274580e-03
1.98331382e-03
1.98520860e-03
1.91605492e-03
1.97045058e-03
2.07038468e-03
2.05640823e-03
1.97541011e-03
1.80541977e-03
2.00403135e-03
2.07494080e-03
2.21436847e-03
2.04059723e-03
1.92456235e-03
1.87199632e-03
2.00291847e-03
2.07449812e-03
2.11054647e-03
1.74490148e-03
1.92976910e-03
2.01387255e-03
2.06712170e-03
2.28125626e-03
1.99686319e-03
1.67619734e-03
2.13659079e-03
1.77921882e-03
1.91349330e-03
1.99186737e-03
1.98101732e-03
2.19907278e-03
2.11071248e-03
2.24390337e-03
1.79887654e-03
1.67415908e-03
1.84952845e-03
1.91775598e-03
1.92755476e-03
1.83161289e-03
1.74434108e-03
1.91207808e-03
1.87842788e-03
2.18199636e-03
2.14036620e-03
1.88313615e-03
2.02257056e-03
2.08564974e-03
1.93455001e-03
1.78241437e-03
2.01624155e-03
2.22606553e-03
2.26403390e-03
1.84825461e-03
2.06313480e-03
1.99175639e-03
1.98449205e-03
2.05243726e-03
1.87726138e-03
1.88254283e-03
1.91356845e-03
2.15129478e-03
1.79473658e-03
2.21614864e-03
1.88329841e-03
2.01383131e-03
1.91701696e-03
1.96372375e-03
2.04142522e-03
1.81958103e-03
1.99869692e-03
2.08549090e-03
1.84216893e-03
1.95731990e-03
1.99678531e-03
1.87512621e-03
1.99954025e-03
1.91353571e-03
1.92827345e-03
1.92380870e-03
1.90310784e-03
2.11429636e-03
1.98653295e-03
2.06610763e-03
1.83706073e-03
1.96395297e-03
2.05380715e-03
1.98995273e-03
2.02914445e-03
1.86492157e-03
1.94518446e-03
1.95416139e-03
1.71842477e-03
1.86054699e-03
2.01043562e-03
1.93210726e-03
1.68619254e-03
2.03857034e-03
1.87652772e-03
2.04307594e-03
2.12875868e-03
2.17777837e-03
2.17367818e-03
1.83975294e-03
2.09860953e-03
1.92802849e-03
1.84268727e-03
2.01706103e-03
2.05133051e-03
1.69988242e-03
2.00725836e-03
1.97862994e-03
1.86923199e-03
1.91193709e-03
2.01445016e-03
1.96363791e-03
2.14830050e-03
1.90349735e-03
1.80052537e-03
1.89241589e-03
2.11392270e-03
2.00246941e-03
2.06996230e-03
2.04375302e-03
2.23523909e-03
2.04649083e-03
1.81968526e-03
1.77346045e-03
2.03555321e-03
1.77292462e-03
2.14231333e-03
1.96452954e-03
1.90600807e-03
2.05999815e-03
1.79786688e-03
1.92353419e-03
2.08936200e-03
2.14813593e-03
2.02185396e-03
1.95081463e-03
1.96043012e-03
2.17272626e-03
1.87548219e-03
2.13681356e-03
2.05575686e-03
1.85754671e-03
1.93558698e-03
1.96595853e-03
1.85805100e-03
1.90453341e-03
1.81330817e-03
1.89826655e-03
1.92421303e-03
2.24711254e-03
2.00533877e-03
2.01883360e-03
2.03134163e-03
1.93193265e-03
1.78019141e-03
1.86896374e-03
1.85262101e-03
2.28199591e-03
1.78961688e-03
1.96656879e-03
2.01963914e-03
1.98793162e-03
1.79089581e-03
2.02692605e-03
1.97642273e-03
2.04009932e-03
1.95479808e-03
2.23852445e-03
1.92633191e-03
1.80640837e-03
1.91262797e-03
1.77132084e-03
2.11140648e-03
1.86980777e-03
2.05336277e-03
1.89223009e-03
2.02720810e-03
1.76600579e-03
2.01971708e-03
1.99176828e-03
2.07054496e-03
2.00396710e-03
1.71326571e-03
2.00735461e-03
1.92390343e-03
2.15429489e-03
2.07385317e-03
2.04459250e-03
2.05769239e-03
2.09135389e-03
2.13507220e-03
2.15118369e-03
1.84159741e-03
1.97136499e-03
2.01987909e-03
2.04325199e-03
2.15842605e-03
1.94690635e-03
2.04448827e-03
2.12887193e-03
2.03296769e-03
2.14915064e-03
2.02985566e-03
1.99209502e-03
2.26262904e-03
1.95099453e-03
2.18242709e-03
2.04874542e-03
2.07203001e-03
2.18552830e-03
1.81025704e-03
2.01852086e-03
1.88493617e-03
2.16233878e-03
2.03168397e-03
1.95087782e-03
2.07081507e-03
2.02040596e-03
2.18464111e-03
2.09369128e-03
1.90176766e-03
1.95256224e-03
2.21469145e-03
2.12727182e-03
2.02456834e-03
2.14402930e-03
2.01112238e-03
2.09053007e-03
1.87310503e-03
1.95842555e-03
1.75566213e-03
1.90953620e-03
1.93998121e-03
1.86515260e-03
2.14466627e-03
2.02086829e-03
1.95234636e-03
2.05400302e-03
1.88545111e-03
2.20518620e-03
2.19098910e-03
2.01895509e-03
1.77608483e-03
1.66221376e-03
1.96443138e-03
2.16394003e-03
1.87478668e-03
1.93579564e-03
1.91982315e-03
1.90897610e-03
2.00406905e-03
1.91118266e-03
1.93963991e-03
2.07219817e-03
1.85978344e-03
1.85801808e-03
2.05212627e-03
1.94424444e-03
1.86294654e-03
1.78419123e-03
1.97619795e-03
2.23620083e-03
2.18155000e-03
1.96686283e-03
2.01309672e-03
1.89531914e-03
1.90220871e-03
1.97120148e-03
2.06126222e-03
1.95041369e-03
1.71192271e-03
1.69931712e-03
2.14008821e-03
2.12376663e-03
1.81095002e-03
1.89287124e-03
1.95565650e-03
1.90417661e-03
1.77089260e-03
1.87466076e-03
1.88565097e-03
1.79467128e-03
1.94928427e-03
1.71948754e-03
2.01132898e-03
2.00170993e-03
2.01109306e-03
1.91440961e-03
1.81549881e-03
1.86243067e-03
1.97303430e-03
1.89561699e-03
1.94001230e-03
2.04563412e-03
2.09957112e-03
1.95755135e-03
2.09780147e-03
2.03594600e-03
2.17691970e-03
1.79431187e-03
2.19622421e-03
1.77509758e-03
1.82614764e-03
1.83744093e-03
1.86629235e-03
2.24938463e-03
1.66750142e-03
1.89177376e-03
1.81973393e-03
1.83835459e-03
2.14900315e-03
1.98247736e-03
2.19190191e-03
1.74680778e-03
2.11841960e-03
1.96893407e-03
1.87159048e-03
2.04022696e-03
2.05357968e-03
1.81422896e-03
1.80458257e-03
1.92830064e-03
2.15668440e-03
1.75312727e-03
2.01670672e-03
1.79261814e-03
1.98663042e-03
1.82327963e-03
1.83774656e-03
1.88171089e-03
1.86472435e-03
1.89284536e-03
1.99186930e-03
1.96364724e-03
2.00747831e-03
1.97237626e-03
1.84695516e-03
2.23758971e-03
2.31641281e-03
1.88081401e-03
2.10191378e-03
1.55839024e-03
1.80264095e-03
2.09569277e-03
1.98861396e-03
2.09271531e-03
1.87963964e-03
1.95795138e-03
1.83262189e-03
1.87131441e-03
2.04656655e-03
2.01620619e-03
1.92397242e-03
2.00814485e-03
1.92637915e-03
2.12517200e-03
1.93581155e-03
1.81829534e-03
1.96696737e-03
2.00827051e-03
2.10978269e-03
1.85562404e-03
2.19910613e-03
2.13077483e-03
1.87337559e-03
2.08169783e-03
2.29374440e-03
1.97808349e-03
1.95175330e-03
1.81795996e-03
2.06345166e-03
1.95777768e-03
2.04961124e-03
1.96294218e-03
2.01675656e-03
2.25027984e-03
1.87679642e-03
2.21057611e-03
1.71433129e-03
1.93209610e-03
2.11523043e-03
1.93114915e-03
1.88654308e-03
1.92931081e-03
2.04679734e-03
1.83261103e-03
1.74874791e-03
1.82368997e-03
2.05513480e-03
2.08831201e-03
1.92941265e-03
1.79638527e-03
1.89179483e-03
2.20416637e-03
2.15694237e-03
1.95527851e-03
2.14276124e-03
2.18802663e-03
2.02292594e-03
1.77981372e-03
1.88608567e-03
1.78234379e-03
1.75972545e-03
1.80779088e-03
1.89436390e-03
2.03266432e-03
2.01843729e-03
2.07506423e-03
1.88521998e-03
2.04911776e-03
2.25673380e-03
1.88869308e-03
1.84258061e-03
1.94596020e-03
1.97006582e-03
1.78409842e-03
1.83374264e-03
1.85044944e-03
1.98633771e-03
2.10378462e-03
1.69558574e-03
1.99729326e-03
2.06370152e-03
1.72779732e-03
1.94703558e-03
2.01502180e-03
2.03917379e-03
2.09870664e-03
2.09168230e-03
1.88001236e-03
1.99252221e-03
1.69723115e-03
1.84380971e-03
1.90586514e-03
1.94206389e-03
1.80169218e-03
2.01850317e-03
1.81572909e-03
1.87148332e-03
1.92497899e-03
1.99372423e-03
1.99175467e-03
1.88182138e-03
1.91708246e-03
1.92443357e-03
1.97486180e-03
1.93391817e-03
1.72085946e-03
2.07980876e-03
2.12261587e-03
1.88197650e-03
1.88742618e-03
1.74484341e-03
2.02199478e-03
2.12714172e-03
1.86884162e-03
2.07730541e-03
2.01770679e-03
2.04737589e-03
2.20605687e-03
2.05240532e-03
2.00206774e-03
1.94139505e-03
1.85245017e-03
2.01558043e-03
1.85928019e-03
1.73089906e-03
2.09179499e-03
1.89075634e-03
2.00640370e-03
1.93483164e-03
1.88497108e-03
1.85213068e-03
1.91513457e-03
2.08477492e-03
1.84294869e-03
2.12289288e-03
1.95952457e-03
1.86363284e-03
1.87876778e-03
1.86511446e-03
2.28422964e-03
2.13342104e-03
1.92592117e-03
1.85723807e-03
1.88536444e-03
2.10520424e-03
1.65808196e-03
2.15653276e-03
2.09238887e-03
2.07792324e-03
2.00261421e-03
1.96524061e-03
1.77047116e-03
2.05694116e-03
2.00044374e-03
1.98426310e-03
1.97717804e-03
2.02862133e-03
2.12183018e-03
1.68173874e-03
2.03527407e-03
2.01371206e-03
2.13637512e-03
2.01559922e-03
1.90987319e-03
1.83772953e-03
2.10437966e-03
1.98609468e-03
1.85343858e-03
2.01599316e-03
1.91591520e-03
1.99191634e-03
2.01980807e-03
1.81385393e-03
2.14516801e-03
2.06023516e-03
1.64786450e-03
1.98491031e-03
2.08698301e-03
2.12743427e-03
2.00459248e-03
2.29578869e-03
2.24075387e-03
2.04503940e-03
1.97487545e-03
2.01719791e-03
1.93720330e-03
2.17949179e-03
1.97674752e-03
1.96044082e-03
2.10234665e-03
1.88859013e-03
2.07624740e-03
2.07868346e-03
1.96007444e-03
1.98906105e-03
1.90237954e-03
1.91332444e-03
2.21170090e-03
1.95090218e-03
1.83767528e-03
2.15026094e-03
2.07849064e-03
1.94578076e-03
2.05849003e-03
2.06551530e-03
2.00903533e-03
1.98937339e-03
1.98163666e-03
1.88731046e-03
2.06334807e-03
1.96476677e-03
1.97963159e-03
1.98861555e-03
1.89850201e-03
1.84766155e-03
1.94091869e-03
1.93149164e-03
1.90074046e-03
1.94830280e-03
1.94402397e-03
1.68907910e-03
1.78796969e-03
2.01626117e-03
2.00883872e-03
1.91258261e-03
2.29463601e-03
1.87989484e-03
1.85812933e-03
2.01180627e-03
2.09195924e-03
1.82940773e-03
1.97840858e-03
2.04621284e-03
2.02651151e-03
2.19670994e-03
1.92138696e-03
1.76434481e-03
2.02988570e-03
2.08649153e-03
1.94064801e-03
1.93577012e-03
2.21521255e-03
2.03886755e-03
2.10294605e-03
1.99093334e-03
1.84905480e-03
1.99613274e-03
1.93040280e-03
1.91093487e-03
1.94834985e-03
2.07125990e-03
2.14368129e-03
1.93465704e-03
2.16183431e-03
2.13114438e-03
2.28379347e-03
2.05299435e-03
2.03501893e-03
2.23667816e-03
2.16721388e-03
1.82368888e-03
2.06808604e-03
1.88263602e-03
1.98945568e-03
1.98627980e-03
1.82880573e-03
2.04813999e-03
2.03489226e-03
1.75951976e-03
1.74177099e-03
1.85904618e-03
1.74999305e-03
2.07073765e-03
2.12360411e-03
1.94104459e-03
1.85946184e-03
1.83892619e-03
2.12030909e-03
1.99280681e-03
1.87130225e-03
1.87251886e-03
1.97791298e-03
2.23113686e-03
1.73287966e-03
2.16957396e-03
2.06222739e-03
2.04333449e-03
1.80550844e-03
2.01613594e-03
1.88940457e-03
2.05876334e-03
1.81647252e-03
2.00585563e-03
2.16371278e-03
1.99123433e-03
1.89665916e-03
1.91646499e-03
2.09501465e-03
2.04933393e-03
1.90919208e-03
1.93888987e-03
1.98047261e-03
1.77102133e-03
2.12592974e-03
