2.00280077e-01
1.98511939e-01
1.98118387e-01
1.97000752e-01
1.96775788e-01
1.96542502e-01
1.96145737e-01
1.96470301e-01
1.96018492e-01
1.96010204e-01
1.95558404e-01
1.95830488e-01
1.95938050e-01
1.95931190e-01
1.96076487e-01
1.96141393e-01
1.95997413e-01
1.96078964e-01
1.96115187e-01
1.95713476e-01
1.95741819e-01
1.95728565e-01
1.95668852e-01
1.95489470e-01
1.96086106e-01
1.96024597e-01
1.95253226e-01
1.95120771e-01
1.95197492e-01
1.95531840e-01
1.95835358e-01
1.95977926e-01
1.95685100e-01
1.95595349e-01
1.95622693e-01
1.95411569e-01
1.95416204e-01
1.95872637e-01
1.95605112e-01
1.95926276e-01
1.95481933e-01
1.95849842e-01
1.95843401e-01
1.95988756e-01
1.95910925e-01
1.95696277e-01
1.95400008e-01
1.95652153e-01
1.95569430e-01
1.95571999e-01
1.95480077e-01
1.95884684e-01
1.95380516e-01
1.95349944e-01
1.95596530e-01
1.95390260e-01
1.95336075e-01
1.95188443e-01
1.95734725e-01
1.95462752e-01
1.95890741e-01
1.95596937e-01
1.95815708e-01
1.95689518e-01
1.95616040e-01
1.96095098e-01
1.96010363e-01
1.95911271e-01
1.95908848e-01
1.95687971e-01
1.95764990e-01
1.95847681e-01
1.95840761e-01
1.95605397e-01
1.95729604e-01
1.95695489e-01
1.95684304e-01
1.95066718e-01
1.95140634e-01
1.95206486e-01
1.95280918e-01
1.95689751e-01
1.95303649e-01
1.95609424e-01
1.95690314e-01
1.95772592e-01
1.95357777e-01
1.95175292e-01
1.95114830e-01
1.95464330e-01
1.95483662e-01
1.95486425e-01
1.95271457e-01
1.95318060e-01
1.95287945e-01
1.95321680e-01
1.95774167e-01
1.95560825e-01
1.95462910e-01
1.95436024e-01
1.95533689e-01
1.95537739e-01
1.95776216e-01
1.95594827e-01
1.95243736e-01
1.95791263e-01
1.95764353e-01
1.95577025e-01
1.95407537e-01
1.95512187e-01
1.95665375e-01
1.95831638e-01
1.95613373e-01
1.95853640e-01
1.95903677e-01
1.95727041e-01
1.95933966e-01
1.95746381e-01
1.95454552e-01
1.95643902e-01
1.95696641e-01
1.95885167e-01
1.95611471e-01
1.95404450e-01
1.95838136e-01
1.95736140e-01
1.95709342e-01
1.95434834e-01
1.95424299e-01
1.95667273e-01
1.95646303e-01
1.95546323e-01
1.95701736e-01
1.95847662e-01
1.95955508e-01
1.95662526e-01
1.95825642e-01
1.95507737e-01
1.95790681e-01
1.95313285e-01
1.95541607e-01
1.95907309e-01
1.95790105e-01
1.95707957e-01
1.95584104e-01
1.95893991e-01
1.95845723e-01
1.95713756e-01
1.95276075e-01
1.95446600e-01
1.95737918e-01
1.95232692e-01
1.95601841e-01
1.95836743e-01
1.95751782e-01
1.95408173e-01
1.95323927e-01
1.94993356e-01
1.95174438e-01
1.95334504e-01
1.95036740e-01
1.95287392e-01
1.95099957e-01
1.95090397e-01
1.95636084e-01
1.95582008e-01
1.95477443e-01
1.95668294e-01
1.95248246e-01
1.95618631e-01
1.95452260e-01
1.95342390e-01
1.95221350e-01
1.95367122e-01
1.95371059e-01
1.95313351e-01
1.95731877e-01
1.95260920e-01
1.95206160e-01
1.95093438e-01
1.95323613e-01
1.95336869e-01
1.95619154e-01
1.95503765e-01
1.95484464e-01
1.95463104e-01
1.95427479e-01
1.95316415e-01
1.95626309e-01
1.95614381e-01
1.95671534e-01
1.95980529e-01
1.95934624e-01
1.95804247e-01
1.95388667e-01
1.95506108e-01
1.95404940e-01
1.95476432e-01
1.95404351e-01
1.95854732e-01
1.95581662e-01
1.95595914e-01
1.95639662e-01
1.95459826e-01
1.95574364e-01
1.95662405e-01
1.95691897e-01
1.95357479e-01
1.95270271e-01
1.95849717e-01
1.95641483e-01
1.95700115e-01
1.95724801e-01
1.95783850e-01
1.95722634e-01
1.96166623e-01
1.95900594e-01
1.96023004e-01
1.95650999e-01
1.95774278e-01
1.95298459e-01
1.95529312e-01
1.95749412e-01
1.95599908e-01
1.95811671e-01
1.95772910e-01
1.95746043e-01
1.95375469e-01
1.95912854e-01
1.95561172e-01
1.95380088e-01
1.95290198e-01
1.95509166e-01
1.95552950e-01
1.95706720e-01
1.95758573e-01
1.95379726e-01
1.95733543e-01
1.95546556e-01
1.95278949e-01
1.95475430e-01
1.95396722e-01
1.95556001e-01
1.95666177e-01
1.95592638e-01
1.95782777e-01
1.95404050e-01
1.95702371e-01
1.95703228e-01
1.95391237e-01
1.95571517e-01
1.95576736e-01
1.95227877e-01
1.95607940e-01
1.95571061e-01
1.95759557e-01
1.95688561e-01
1.95649807e-01
1.95661498e-01
1.95611683e-01
1.95702602e-01
1.95553799e-01
1.95563411e-01
1.95473014e-01
1.95308502e-01
1.95307956e-01
1.95559852e-01
1.95898849e-01
1.95483612e-01
1.95547968e-01
1.95460311e-01
1.95529435e-01
1.95572548e-01
1.95394397e-01
1.95546226e-01
1.95706932e-01
1.95771970e-01
1.95793380e-01
1.95553370e-01
1.95736083e-01
1.95341224e-01
1.95462511e-01
1.95442295e-01
1.95120646e-01
1.95285178e-01
1.95233054e-01
1.95371323e-01
1.95369486e-01
1.95147837e-01
1.95320981e-01
1.95512180e-01
1.95378169e-01
1.95366667e-01
1.95365313e-01
1.95555402e-01
1.95839362e-01
1.95648272e-01
1.95711429e-01
1.95332778e-01
1.95464943e-01
1.95573881e-01
1.95499779e-01
1.95667200e-01
1.95481196e-01
1.95706691e-01
1.95626545e-01
1.95306588e-01
1.95137631e-01
1.95204122e-01
1.95363399e-01
1.95631430e-01
1.95523945e-01
1.95465905e-01
1.95452212e-01
1.95460377e-01
1.95586378e-01
1.95744159e-01
1.95157068e-01
1.95273240e-01
1.95293380e-01
1.95213754e-01
1.95430099e-01
1.95610614e-01
1.95862130e-01
1.95273587e-01
1.95260349e-01
1.95684076e-01
1.95657629e-01
1.95402481e-01
1.95609940e-01
1.95601170e-01
1.95143479e-01
1.95480536e-01
1.95576635e-01
1.95317364e-01
1.95492482e-01
1.95422818e-01
1.95642107e-01
1.95658368e-01
1.95476370e-01
1.95811340e-01
1.95685682e-01
1.95608924e-01
1.95599120e-01
1.95487685e-01
1.95269565e-01
1.95569326e-01
1.95496600e-01
1.95934872e-01
1.95829757e-01
1.95367291e-01
1.95407635e-01
1.95602497e-01
1.95712342e-01
1.95847757e-01
1.95566065e-01
1.96003917e-01
1.95678824e-01
1.95891064e-01
1.95586093e-01
1.95705981e-01
1.95753120e-01
1.95564732e-01
1.95513148e-01
1.95822436e-01
1.95363341e-01
1.95450444e-01
1.95564299e-01
1.95789840e-01
1.95493084e-01
1.95554084e-01
1.95828349e-01
1.95625844e-01
1.95630410e-01
1.95823977e-01
1.95539126e-01
1.95537924e-01
1.95686465e-01
1.95380303e-01
1.95522176e-01
1.95910055e-01
1.95987667e-01
1.95597118e-01
1.95488769e-01
1.95848903e-01
1.95862149e-01
1.95757061e-01
1.95890534e-01
1.95752565e-01
1.95391692e-01
1.95729037e-01
1.95662252e-01
1.95625493e-01
1.95856287e-01
1.95576964e-01
1.95472036e-01
1.95496692e-01
1.95520776e-01
1.96030195e-01
1.95866065e-01
1.95614123e-01
1.96033467e-01
1.95764107e-01
1.95827504e-01
1.95593378e-01
1.95533581e-01
1.95441228e-01
1.95530714e-01
1.95825470e-01
1.95566118e-01
1.95672991e-01
1.95578717e-01
1.95365018e-01
1.95390607e-01
1.95676187e-01
1.95393240e-01
1.95439790e-01
1.95646897e-01
1.95718930e-01
1.95761738e-01
1.95111051e-01
1.95559647e-01
1.95546552e-01
1.95234214e-01
1.95586272e-01
1.95329232e-01
1.95399842e-01
1.95576168e-01
1.95281680e-01
1.95428727e-01
1.95141157e-01
1.95639002e-01
1.95425817e-01
1.95237550e-01
1.95123391e-01
1.95307932e-01
1.95663106e-01
1.95463902e-01
1.95485725e-01
1.95486677e-01
1.95538878e-01
1.95452461e-01
1.95440326e-01
1.95266910e-01
1.95471497e-01
1.95372704e-01
1.95125722e-01
1.95377695e-01
1.95466013e-01
1.95612362e-01
1.95721310e-01
1.95718191e-01
1.95712569e-01
1.95918511e-01
1.95809007e-01
1.95931821e-01
1.95686337e-01
1.95610400e-01
1.95685503e-01
1.95503132e-01
1.95660828e-01
1.95839982e-01
1.95917974e-01
1.95762598e-01
1.95348926e-01
1.95691318e-01
1.95606272e-01
1.95847396e-01
1.95921859e-01
1.95408841e-01
1.95553050e-01
1.95519524e-01
1.95709062e-01
1.95534622e-01
1.95842580e-01
1.95598357e-01
1.95395345e-01
1.95558766e-01
1.95255287e-01
1.95253102e-01
1.95433971e-01
1.95551872e-01
1.95538368e-01
1.95646198e-01
1.95511298e-01
1.95800720e-01
1.95814363e-01
1.95618186e-01
1.95818340e-01
1.95384882e-01
1.95462170e-01
1.95549020e-01
1.95753103e-01
1.95390679e-01
1.95062742e-01
1.95660170e-01
1.95078177e-01
1.95108263e-01
1.95526682e-01
1.95249640e-01
1.95762391e-01
1.95424545e-01
1.95376953e-01
1.95442619e-01
1.95500509e-01
1.95490641e-01
1.95624604e-01
1.95607072e-01
1.95547230e-01
1.95418878e-01
1.95841127e-01
1.95541283e-01
1.95437046e-01
1.95293511e-01
1.95548007e-01
1.95397427e-01
1.95168964e-01
1.95699393e-01
1.95335044e-01
1.95699059e-01
1.95126877e-01
1.95677744e-01
1.95555819e-01
1.95721194e-01
1.95572618e-01
1.95831585e-01
1.95726698e-01
1.95596439e-01
1.95528591e-01
1.95532255e-01
1.95654812e-01
1.95866177e-01
1.95574323e-01
1.95970497e-01
1.95656072e-01
1.95565271e-01
1.95925253e-01
1.95616952e-01
1.95499732e-01
1.95509554e-01
1.95522199e-01
1.95640186e-01
1.95498742e-01
1.95772690e-01
1.95536591e-01
1.95383317e-01
1.95619301e-01
1.95685120e-01
1.95554623e-01
1.95695262e-01
1.95569776e-01
1.95493859e-01
1.95608191e-01
1.95657956e-01
1.95915602e-01
1.95840365e-01
1.96211071e-01
1.95674681e-01
1.95675935e-01
1.95843139e-01
1.95763768e-01
1.95842738e-01
1.95797103e-01
1.95511631e-01
1.95436652e-01
1.95393889e-01
1.95560146e-01
1.95206937e-01
1.95536434e-01
1.95676983e-01
1.95691965e-01
1.95637440e-01
1.95623100e-01
1.95892454e-01
1.95934169e-01
1.95798397e-01
1.95934798e-01
1.95725443e-01
1.95458193e-01
1.95799697e-01
1.95507772e-01
1.95582135e-01
1.95685280e-01
1.95179692e-01
1.95602060e-01
1.95699592e-01
1.95441611e-01
1.95338864e-01
1.95615193e-01
1.95611973e-01
1.95358651e-01
1.95402001e-01
1.95789718e-01
1.95642246e-01
1.95758569e-01
1.95508489e-01
1.95706522e-01
1.95584082e-01
1.95742344e-01
1.95274889e-01
1.95299768e-01
1.95497596e-01
1.95389493e-01
1.95649690e-01
1.95217565e-01
1.95638764e-01
1.95690116e-01
1.95629530e-01
1.95285716e-01
1.95482420e-01
1.95279290e-01
1.95269260e-01
1.95469332e-01
1.95552099e-01
1.95477014e-01
1.95535944e-01
1.95471166e-01
1.95544712e-01
1.95572548e-01
1.95785359e-01
1.95483857e-01
1.95819975e-01
1.95687779e-01
1.95462062e-01
1.95378479e-01
1.95497998e-01
1.95432336e-01
1.95382468e-01
1.95190555e-01
1.95364738e-01
1.95395651e-01
1.95641699e-01
1.95233960e-01
1.95424991e-01
1.95537241e-01
1.95587264e-01
1.95633032e-01
1.95660197e-01
1.95909902e-01
1.95243810e-01
1.95732661e-01
1.95513769e-01
1.95371371e-01
1.95559318e-01
1.95408773e-01
1.95486225e-01
1.95710856e-01
1.95627647e-01
1.95382851e-01
1.95577600e-01
1.95405467e-01
1.95747304e-01
1.95768817e-01
1.95321260e-01
1.95774164e-01
1.95278568e-01
1.95542581e-01
1.95467269e-01
1.95389029e-01
1.95606858e-01
1.95397446e-01
1.95252880e-01
1.95293285e-01
1.95371573e-01
1.95400235e-01
1.95288134e-01
1.95347308e-01
1.95485280e-01
1.95464174e-01
1.95258454e-01
1.95498023e-01
1.95617451e-01
1.95890496e-01
1.95985033e-01
1.95934411e-01
1.95652770e-01
1.95741520e-01
1.95757599e-01
1.95781640e-01
1.95313121e-01
1.95469691e-01
1.95469151e-01
1.95403677e-01
1.95697132e-01
1.95808291e-01
1.95767374e-01
1.95494992e-01
1.95711224e-01
1.95478917e-01
1.95643753e-01
1.95650473e-01
1.95778358e-01
1.95613204e-01
1.95562673e-01
1.95977918e-01
1.95556374e-01
1.95307353e-01
1.95655783e-01
1.95758555e-01
1.96098493e-01
1.95524259e-01
1.95941114e-01
1.95444166e-01
1.95883300e-01
1.95492736e-01
1.95523633e-01
1.95300238e-01
1.95822202e-01
1.95773065e-01
1.95657381e-01
1.95886305e-01
1.96116846e-01
1.96348253e-01
1.95838400e-01
1.95447637e-01
1.95755909e-01
1.95442830e-01
1.95812166e-01
1.95846870e-01
1.95601817e-01
1.95460500e-01
1.95750562e-01
1.95909963e-01
1.95611142e-01
1.96111683e-01
1.96093546e-01
1.95596439e-01
1.95834308e-01
1.95449895e-01
1.95835884e-01
1.95619020e-01
1.95522564e-01
1.95137441e-01
1.95540220e-01
1.95380854e-01
1.95554723e-01
1.95308996e-01
1.95625634e-01
1.95450865e-01
1.95177768e-01
1.95476338e-01
1.95600885e-01
1.95406955e-01
1.95608759e-01
1.95796834e-01
1.95694168e-01
1.95295286e-01
1.95453412e-01
1.95677803e-01
1.95633229e-01
1.95406830e-01
1.95392856e-01
1.95540583e-01
1.95832980e-01
1.95767409e-01
1.95664715e-01
1.95543978e-01
1.95560470e-01
1.95419691e-01
1.96011729e-01
1.95831432e-01
1.95565101e-01
1.95729633e-01
1.95766641e-01
1.95762797e-01
1.95570381e-01
1.95658027e-01
1.95375924e-01
1.95372110e-01
1.95409314e-01
1.95000420e-01
1.95086807e-01
1.95304340e-01
1.95501600e-01
1.95128449e-01
1.95668075e-01
1.95708802e-01
1.95732735e-01
1.95499030e-01
1.95578440e-01
1.95744566e-01
1.95705021e-01
1.96058681e-01
1.95857804e-01
1.95899649e-01
1.95799305e-01
1.95480280e-01
1.95429769e-01
1.95359059e-01
1.95379344e-01
1.95354731e-01
1.95558228e-01
1.95658443e-01
1.95458992e-01
1.95707319e-01
1.95472359e-01
1.95804658e-01
1.95605875e-01
1.95515936e-01
1.95002914e-01
1.95306490e-01
1.94927858e-01
1.95146898e-01
1.95074759e-01
1.95376058e-01
1.95469045e-01
1.95604038e-01
1.95820577e-01
1.95908917e-01
1.95587130e-01
1.95783321e-01
1.95628365e-01
1.95538752e-01
1.95549042e-01
1.95471718e-01
1.95339708e-01
1.95222918e-01
1.95494616e-01
1.95497499e-01
1.95830264e-01
1.95594353e-01
1.95755490e-01
1.95701764e-01
1.95989722e-01
1.95691824e-01
1.95338003e-01
1.95692513e-01
1.95366229e-01
1.95464622e-01
1.95458569e-01
1.95580126e-01
1.95469366e-01
1.95475960e-01
1.95367713e-01
1.95235376e-01
1.95416991e-01
1.95306753e-01
1.95325706e-01
1.95393383e-01
1.95384817e-01
1.95702761e-01
1.95651366e-01
1.95783999e-01
1.95279835e-01
1.95316395e-01
1.95669548e-01
1.95752798e-01
1.95780162e-01
1.95487913e-01
1.96106676e-01
1.96067597e-01
1.95859372e-01
1.95931003e-01
1.95971707e-01
1.95755770e-01
1.95731823e-01
1.95199999e-01
1.95416238e-01
1.95271836e-01
1.95464485e-01
1.95523509e-01
1.95416262e-01
1.95923922e-01
1.95818273e-01
1.95825460e-01
1.95701873e-01
1.95415162e-01
1.95644755e-01
1.95255495e-01
1.95709385e-01
1.95190717e-01
1.95508000e-01
1.95267546e-01
1.95459237e-01
1.95576491e-01
1.95504591e-01
1.95573766e-01
1.95826653e-01
1.95653377e-01
1.95490485e-01
1.95845373e-01
1.95973808e-01
1.95498405e-01
1.95933328e-01
1.95469748e-01
1.95821497e-01
1.95623454e-01
1.95553006e-01
1.95328373e-01
1.95710020e-01
1.95614202e-01
1.95360286e-01
1.95411989e-01
1.95885464e-01
1.95619816e-01
1.95698214e-01
1.95489234e-01
1.95934194e-01
1.95932059e-01
1.95622856e-01
1.95676593e-01
1.95484113e-01
1.95542090e-01
1.95637032e-01
1.95412912e-01
1.95348269e-01
1.95534675e-01
1.95436989e-01
1.95456582e-01
1.95702158e-01
1.95636548e-01
1.95935962e-01
1.95396536e-01
1.95735169e-01
1.95264897e-01
1.95381242e-01
1.95489337e-01
1.95094582e-01
1.95502331e-01
1.95441666e-01
1.95720077e-01
1.95799807e-01
1.95607523e-01
1.95641866e-01
1.95467802e-01
1.95642310e-01
1.95656085e-01
1.95368405e-01
1.95786387e-01
1.95800646e-01
1.95453187e-01
1.95256146e-01
1.95414400e-01
1.95473400e-01
1.95980279e-01
1.96099801e-01
1.95650296e-01
1.95620596e-01
1.95598985e-01
1.95529668e-01
1.95899940e-01
1.95970907e-01
1.95871497e-01
1.95964900e-01
1.95545589e-01
1.95576915e-01
1.95626942e-01
1.95384306e-01
1.95637557e-01
1.95409441e-01
1.95430682e-01
1.95251728e-01
1.95555188e-01
1.95546587e-01
1.95524882e-01
1.95562930e-01
1.95630896e-01
1.95827222e-01
1.95426037e-01
1.95415572e-01
1.95342458e-01
1.95539511e-01
1.95734881e-01
1.95660691e-01
1.95382340e-01
1.95231252e-01
1.95312758e-01
1.95161851e-01
1.95320146e-01
1.95295440e-01
1.95304254e-01
1.95415941e-01
1.95494756e-01
1.95424172e-01
1.95446468e-01
1.95499054e-01
1.95674698e-01
1.95375458e-01
1.95660941e-01
1.96038095e-01
1.95852691e-01
1.96115703e-01
1.95761573e-01
1.95537764e-01
1.95684069e-01
1.95587620e-01
1.95821182e-01
1.95680849e-01
1.95700355e-01
1.95949779e-01
1.95668098e-01
1.95475944e-01
1.95763290e-01
1.95624761e-01
1.95529178e-01
1.95597643e-01
1.95775903e-01
1.95778707e-01
1.95734182e-01
1.95629146e-01
