4.71658031e-02
4.62860342e-02
4.58848673e-02
4.55094624e-02
4.52195574e-02
4.50575491e-02
4.49162841e-02
4.48474462e-02
4.47667760e-02
4.46936166e-02
4.46895452e-02
4.46530732e-02
4.46942697e-02
4.45578885e-02
4.45517905e-02
4.45395667e-02
4.45889424e-02
4.45179153e-02
4.44326119e-02
4.45067540e-02
4.43721481e-02
4.43935748e-02
4.44693499e-02
4.44130420e-02
4.43782019e-02
4.44430280e-02
4.44080313e-02
4.44342983e-02
4.44404151e-02
4.43957494e-02
4.43404322e-02
4.44286397e-02
4.44050796e-02
4.43916387e-02
4.44584211e-02
4.44893235e-02
4.43806360e-02
4.44304394e-02
4.44103845e-02
4.43841261e-02
4.43303825e-02
4.43239733e-02
4.43861719e-02
4.44123248e-02
4.43186243e-02
4.42897377e-02
4.44024291e-02
4.43792543e-02
4.44206048e-02
4.43473372e-02
4.43350487e-02
4.43007890e-02
4.42970905e-02
4.43406949e-02
4.43078985e-02
4.42633440e-02
4.42817931e-02
4.44704572e-02
4.43667337e-02
4.43470411e-02
4.42687312e-02
4.43060609e-02
4.42964065e-02
4.43013338e-02
4.42964362e-02
4.42906032e-02
4.43741235e-02
4.43594951e-02
4.43800558e-02
4.43276812e-02
4.43048302e-02
4.42889890e-02
4.43778990e-02
4.43410049e-02
4.43234774e-02
4.43317877e-02
4.43093237e-02
4.43260393e-02
4.43270883e-02
4.43481594e-02
4.42736260e-02
4.42797341e-02
4.43542245e-02
4.43259567e-02
4.43150602e-02
4.43267592e-02
4.42938886e-02
4.42783841e-02
4.42849434e-02
4.42293557e-02
4.42846480e-02
4.42930970e-02
4.42679146e-02
4.43142473e-02
4.43369408e-02
4.43063865e-02
4.43443338e-02
4.42994089e-02
4.43287851e-02
4.42463982e-02
4.42650606e-02
4.42686384e-02
4.42533427e-02
4.41927870e-02
4.42332686e-02
4.42887988e-02
4.42413120e-02
4.42229767e-02
4.42674199e-02
4.42947022e-02
4.43006052e-02
4.42866676e-02
4.42321784e-02
4.42421479e-02
4.42902710e-02
4.42342975e-02
4.42107977e-02
4.42199643e-02
4.41983643e-02
4.41849059e-02
4.42897857e-02
4.42235891e-02
4.42641750e-02
4.42544685e-02
4.42868610e-02
4.42538151e-02
4.43352513e-02
4.43216915e-02
4.42165813e-02
4.43140717e-02
4.41880804e-02
4.42553366e-02
4.43388202e-02
4.42203127e-02
4.43636632e-02
4.42521410e-02
4.42340586e-02
4.43491002e-02
4.42558893e-02
4.42959590e-02
4.42942145e-02
4.42877908e-02
4.42220417e-02
4.42059648e-02
4.43121397e-02
4.42586534e-02
4.42705728e-02
4.42386213e-02
4.43033059e-02
4.42881233e-02
4.42697975e-02
4.42322619e-02
4.42320441e-02
4.42365356e-02
4.42608320e-02
4.42482886e-02
4.42360317e-02
4.41881103e-02
4.41881917e-02
4.42650628e-02
4.42989718e-02
4.43187101e-02
4.42759792e-02
4.42617553e-02
4.42430538e-02
4.42742028e-02
4.43058910e-02
4.43053554e-02
4.43162088e-02
4.43168877e-02
4.43593495e-02
4.43523417e-02
4.43339257e-02
4.42665740e-02
4.43645748e-02
4.43282715e-02
4.43129183e-02
4.42701573e-02
4.42921340e-02
4.41973923e-02
4.42985946e-02
4.42748775e-02
4.43060127e-02
4.43302824e-02
4.43314444e-02
4.43604089e-02
4.43858546e-02
4.43689162e-02
4.43176746e-02
4.43218218e-02
4.43180979e-02
4.43223341e-02
4.42951416e-02
4.42677904e-02
4.42819342e-02
4.43423134e-02
4.42711304e-02
4.43532754e-02
4.42726750e-02
4.43469884e-02
4.42952210e-02
4.42776512e-02
4.42570494e-02
4.43141493e-02
4.42104938e-02
4.42636853e-02
4.43149739e-02
4.42624580e-02
4.42148081e-02
4.42673332e-02
4.43062784e-02
4.42737145e-02
4.41865198e-02
4.42241638e-02
4.42930111e-02
4.43195786e-02
4.42477856e-02
4.43355383e-02
4.42737702e-02
4.42948298e-02
4.42905916e-02
4.43282106e-02
4.43438620e-02
4.43651743e-02
4.42598078e-02
4.42494379e-02
4.42255670e-02
4.42446356e-02
4.43138363e-02
4.43263241e-02
4.43241375e-02
4.42959222e-02
4.42833949e-02
4.42662801e-02
4.43298494e-02
4.42440859e-02
4.42365535e-02
4.42666426e-02
4.43129002e-02
4.43110184e-02
4.42860020e-02
4.42316849e-02
4.42694301e-02
4.42306695e-02
4.42092881e-02
4.42051249e-02
4.41924756e-02
4.42418768e-02
4.42505074e-02
4.42053489e-02
4.42326428e-02
4.42299196e-02
4.43299642e-02
4.43081925e-02
4.42522558e-02
4.42182932e-02
4.42402973e-02
4.42907971e-02
4.42586629e-02
4.42142801e-02
4.42636162e-02
4.42480458e-02
4.42525538e-02
4.42236989e-02
4.43095662e-02
4.42373618e-02
4.42315321e-02
4.42453083e-02
4.42429454e-02
4.41654333e-02
4.42246329e-02
4.41933720e-02
4.43281640e-02
4.42065648e-02
4.43492176e-02
4.43066084e-02
4.42900277e-02
4.42269438e-02
4.43071336e-02
4.42088134e-02
4.42576463e-02
4.43249877e-02
4.42917680e-02
4.42585206e-02
4.43120952e-02
4.43698782e-02
4.42794891e-02
4.43631247e-02
4.42640959e-02
4.43084162e-02
4.42459014e-02
4.42680796e-02
4.42923400e-02
4.42677116e-02
4.41953821e-02
4.42419599e-02
4.42347292e-02
4.42437458e-02
4.42173355e-02
4.42789547e-02
