1.11120347e-02
1.06517037e-02
1.04547597e-02
1.02348758e-02
1.00774184e-02
9.95558760e-03
9.93041904e-03
9.90167705e-03
9.88251305e-03
9.81186603e-03
9.80891628e-03
9.78223009e-03
9.72162662e-03
9.72084020e-03
9.70108670e-03
9.68288109e-03
9.75044918e-03
9.70532968e-03
9.60798485e-03
9.63708182e-03
9.62378037e-03
9.58407245e-03
9.60702530e-03
9.64244471e-03
9.62212690e-03
9.64291231e-03
9.55382185e-03
9.64393486e-03
9.60503675e-03
9.61013757e-03
9.61470896e-03
9.60232811e-03
9.56306232e-03
9.58575044e-03
9.56058599e-03
9.68177257e-03
9.59143875e-03
9.60172063e-03
9.56994102e-03
9.51941054e-03
9.57644837e-03
9.59029248e-03
9.55628950e-03
9.64236607e-03
9.57220776e-03
9.52521573e-03
9.56119346e-03
9.54964608e-03
9.53228862e-03
9.55398809e-03
9.57124361e-03
9.48724302e-03
9.58896210e-03
9.52232470e-03
9.57696948e-03
9.53805808e-03
9.42642023e-03
9.49687316e-03
9.51461062e-03
9.50733769e-03
9.54960228e-03
9.56736628e-03
9.56905813e-03
9.49553294e-03
9.52004996e-03
9.50861131e-03
9.42646032e-03
9.53573359e-03
9.62195683e-03
9.51093618e-03
9.51517125e-03
9.53465074e-03
9.55762368e-03
9.53048580e-03
9.48151539e-03
9.54596987e-03
9.51715460e-03
9.53376594e-03
9.51423806e-03
9.54609733e-03
9.45501639e-03
9.42942599e-03
9.60436656e-03
9.58066597e-03
9.55823530e-03
9.49904136e-03
9.56514806e-03
9.53779512e-03
9.49089620e-03
9.50117246e-03
9.52331716e-03
9.47281993e-03
9.50341406e-03
9.48158870e-03
9.50673323e-03
9.56424494e-03
9.52821748e-03
9.51509978e-03
9.58628339e-03
9.49444615e-03
9.47100977e-03
9.48400792e-03
9.55745327e-03
9.51617051e-03
9.53302029e-03
9.55837701e-03
9.51450679e-03
9.51666208e-03
9.50422209e-03
9.46337633e-03
9.55374835e-03
9.49163850e-03
9.44528307e-03
9.48819556e-03
9.44312760e-03
9.51669390e-03
9.46341015e-03
9.50347996e-03
9.46214076e-03
9.42706729e-03
9.49327094e-03
9.46982154e-03
9.54389905e-03
9.50501992e-03
9.47925415e-03
9.48358232e-03
9.50219032e-03
9.53298784e-03
9.50539683e-03
9.50264369e-03
9.54535765e-03
9.41921762e-03
9.48488348e-03
9.54510659e-03
9.52491181e-03
9.55556710e-03
9.52454627e-03
9.53747444e-03
9.48257027e-03
9.48823335e-03
9.51306981e-03
9.52959553e-03
9.53231439e-03
9.49163942e-03
9.46162059e-03
9.52328754e-03
9.49398361e-03
9.49003074e-03
9.51791151e-03
9.48474450e-03
9.53012059e-03
9.50376923e-03
9.46027065e-03
9.46082822e-03
9.51716430e-03
9.48015160e-03
9.49088957e-03
9.48654427e-03
9.49332949e-03
9.52863439e-03
9.46999562e-03
9.55813931e-03
9.51938282e-03
9.50752132e-03
9.45869391e-03
9.47242829e-03
9.53971535e-03
9.52246124e-03
9.50532395e-03
9.50130860e-03
9.60350471e-03
9.48089955e-03
9.52321245e-03
9.50459305e-03
9.51548116e-03
9.53441412e-03
9.45959896e-03
9.48268936e-03
9.52132532e-03
9.51263768e-03
9.53559685e-03
9.54672045e-03
9.45360134e-03
9.45144903e-03
9.51817599e-03
9.48407798e-03
9.51809256e-03
9.50867619e-03
9.51749321e-03
9.51357796e-03
9.50911641e-03
9.57635637e-03
9.51273299e-03
9.48025492e-03
9.46121520e-03
9.57143541e-03
9.47533008e-03
9.46859746e-03
9.46956127e-03
9.53190346e-03
9.55886178e-03
9.48953807e-03
9.46122717e-03
9.53352324e-03
9.43989176e-03
9.50752980e-03
9.47200694e-03
9.50320084e-03
9.55826957e-03
9.48812755e-03
9.41187572e-03
9.52872016e-03
9.43547198e-03
9.47461476e-03
9.52496473e-03
9.56344946e-03
9.46214168e-03
9.51601250e-03
9.43281997e-03
9.53212126e-03
9.54807044e-03
9.47938462e-03
9.56416218e-03
9.50795955e-03
9.43561191e-03
9.49758217e-03
9.51574256e-03
9.52732649e-03
9.50343950e-03
9.46827307e-03
9.51863721e-03
9.46994140e-03
9.46823514e-03
9.54243351e-03
9.40695964e-03
9.55271892e-03
9.54371049e-03
9.52103742e-03
9.55758949e-03
9.55746931e-03
9.50443440e-03
9.52193370e-03
9.49386409e-03
9.47585574e-03
9.46339169e-03
9.48817879e-03
9.44370937e-03
9.50735357e-03
9.46563610e-03
9.44785734e-03
9.47934950e-03
9.48008750e-03
9.43122565e-03
9.43999306e-03
9.56311703e-03
9.45967893e-03
9.43704685e-03
9.53185437e-03
9.41825819e-03
9.47541932e-03
9.47493813e-03
9.55720364e-03
9.47884332e-03
9.43043744e-03
9.52935775e-03
9.48322471e-03
9.53324548e-03
9.48861673e-03
9.43214986e-03
9.48264430e-03
9.48696614e-03
9.42252584e-03
9.50390300e-03
9.50245463e-03
9.52112592e-03
9.49562976e-03
9.46263872e-03
9.41726150e-03
9.52989137e-03
9.46098776e-03
9.51561531e-03
9.47223703e-03
9.49447388e-03
9.48947557e-03
9.45112126e-03
9.54505816e-03
9.47155960e-03
9.49336104e-03
9.51480221e-03
9.48634372e-03
9.46476364e-03
9.47919201e-03
9.48104859e-03
9.55350223e-03
9.48800007e-03
9.50577118e-03
9.51498991e-03
9.47006320e-03
9.46071299e-03
9.43639833e-03
