2.71069668e-03
2.46460193e-03
2.38360097e-03
2.30333256e-03
2.24365042e-03
2.23878234e-03
2.20798141e-03
2.12014452e-03
2.12173753e-03
2.10395968e-03
2.09499766e-03
2.11060541e-03
2.09732120e-03
2.10387780e-03
2.10570191e-03
2.08218963e-03
2.05345092e-03
2.11535929e-03
2.08058490e-03
2.04012478e-03
2.09168834e-03
1.99909152e-03
2.09932608e-03
2.03666014e-03
2.06315631e-03
2.04436598e-03
2.02194125e-03
2.07824158e-03
1.98566258e-03
2.01389767e-03
2.00951672e-03
2.03112523e-03
2.04716637e-03
2.06980967e-03
2.00697162e-03
2.06764112e-03
1.98092662e-03
2.01165967e-03
1.98381100e-03
2.00003458e-03
2.02297341e-03
2.03052947e-03
2.01076063e-03
2.04061542e-03
2.01838206e-03
2.01265852e-03
2.03942242e-03
2.02623592e-03
2.04671813e-03
2.03771862e-03
1.98954478e-03
1.99311778e-03
1.96134373e-03
2.00667446e-03
2.01382448e-03
2.05193974e-03
1.99262651e-03
2.04587289e-03
1.96780034e-03
1.98865661e-03
1.99973139e-03
1.96928785e-03
2.01328182e-03
1.93510141e-03
1.95119117e-03
1.96172285e-03
2.00043964e-03
2.02061262e-03
2.02069881e-03
1.98540410e-03
2.00726248e-03
1.98387802e-03
1.99050816e-03
1.96370528e-03
2.01841215e-03
1.96299028e-03
1.98214694e-03
2.00498036e-03
1.96300091e-03
1.96712085e-03
1.95351421e-03
1.94741413e-03
1.95188792e-03
2.06292016e-03
1.95457885e-03
2.02011488e-03
1.97892626e-03
1.95578068e-03
2.02116792e-03
2.03772538e-03
1.91592222e-03
1.93776608e-03
2.00196123e-03
1.92322186e-03
2.03896779e-03
1.98858079e-03
1.99710352e-03
2.00701824e-03
2.01589561e-03
2.02372412e-03
1.96094376e-03
1.94681174e-03
1.95392648e-03
1.94720641e-03
2.02938832e-03
1.97994909e-03
1.95868538e-03
2.01774808e-03
1.97997351e-03
1.96804108e-03
1.97062367e-03
2.04536823e-03
1.93836316e-03
1.97991878e-03
1.96886114e-03
2.01880975e-03
1.95693023e-03
1.93163376e-03
1.95923467e-03
2.00537142e-03
1.98340422e-03
1.94187606e-03
1.95145164e-03
1.92618007e-03
1.90896578e-03
1.95941826e-03
1.98455806e-03
1.97172485e-03
2.03066552e-03
2.00904677e-03
2.06202723e-03
2.01528290e-03
1.94766789e-03
2.03396614e-03
1.95194398e-03
1.92844349e-03
1.99417368e-03
1.95887800e-03
1.94191905e-03
1.94322397e-03
1.94800700e-03
1.94858668e-03
1.97512348e-03
1.99276379e-03
1.95225254e-03
1.99026406e-03
2.02872978e-03
1.94654488e-03
1.94946216e-03
2.01238016e-03
1.92888188e-03
1.93810249e-03
1.95912544e-03
1.97512094e-03
2.01110752e-03
1.88690307e-03
2.02804826e-03
1.98976216e-03
1.95341919e-03
1.97783950e-03
2.02241977e-03
1.90652158e-03
1.91455012e-03
1.99448620e-03
2.00216527e-03
1.93078945e-03
1.92794662e-03
1.96843954e-03
2.04893613e-03
1.94600224e-03
2.02824116e-03
1.87753898e-03
1.94082975e-03
1.98339415e-03
1.97712645e-03
1.97107475e-03
1.93262992e-03
1.96800571e-03
1.98627273e-03
1.99585306e-03
2.00856833e-03
1.93983059e-03
1.94879938e-03
2.01885307e-03
2.01142888e-03
1.94456902e-03
2.01147564e-03
1.95612605e-03
1.99890568e-03
2.06068778e-03
1.97375565e-03
2.00319794e-03
2.00739332e-03
1.98642041e-03
1.98436873e-03
1.95741294e-03
1.97209191e-03
1.97612078e-03
1.96321129e-03
1.98866064e-03
1.98663592e-03
1.93621113e-03
1.95292093e-03
1.93114187e-03
1.88481165e-03
1.93613701e-03
1.97992350e-03
2.00719704e-03
1.95142294e-03
1.96984595e-03
2.00358467e-03
1.94420248e-03
1.93034513e-03
1.93157361e-03
1.97711107e-03
1.99662324e-03
1.97382676e-03
1.96814604e-03
2.02898110e-03
1.91839352e-03
1.98278485e-03
1.93019111e-03
2.00889322e-03
1.96462635e-03
1.95710544e-03
1.99356558e-03
1.97776424e-03
2.02914243e-03
1.97243404e-03
1.97256744e-03
1.96874735e-03
1.90980049e-03
1.97296448e-03
1.99359546e-03
1.91286521e-03
2.00182781e-03
1.96215371e-03
1.97860343e-03
1.97384551e-03
1.96898155e-03
1.96118521e-03
1.98146660e-03
2.00030126e-03
1.99778217e-03
1.99216272e-03
2.00680367e-03
1.98343340e-03
2.02458889e-03
1.99700478e-03
1.96325128e-03
1.97592514e-03
1.94164224e-03
1.96892720e-03
1.94032677e-03
1.95717259e-03
1.94372418e-03
1.96133128e-03
1.88517063e-03
1.96678279e-03
1.97934897e-03
1.97018143e-03
1.95792952e-03
1.99431606e-03
1.98433420e-03
2.01880244e-03
1.96067985e-03
1.97230586e-03
1.98888856e-03
2.00951960e-03
1.97989314e-03
1.94684235e-03
1.96644229e-03
1.93319065e-03
1.97401032e-03
2.00606444e-03
1.97178605e-03
1.93802683e-03
1.94637116e-03
1.91480067e-03
2.00288599e-03
1.95812943e-03
1.95215270e-03
1.96336999e-03
1.94028574e-03
1.98008048e-03
1.93212906e-03
2.01051993e-03
2.00684475e-03
1.99072045e-03
1.98339586e-03
1.98872139e-03
1.98411620e-03
1.95443518e-03
1.97078477e-03
1.98212522e-03
1.97400941e-03
1.96828345e-03
1.96429426e-03
1.97585879e-03
2.06185210e-03
