 1 30 5.000000e-02 -6.26095521e-03
 2 30 5.000000e-02 +4.44365750e-03
 3 30 5.000000e-02 -5.39297931e-03
 4 30 5.000000e-02 +1.06328266e-03
 5 30 5.000000e-02 +2.65911464e-03
 6 30 5.000000e-02 +4.74371933e-03
 7 30 5.000000e-02 -2.76999673e-03
 8 30 5.000000e-02 -6.67253704e-03
 9 30 5.000000e-02 +2.92376149e-03
 10 30 5.000000e-02 +5.65216463e-03
 11 30 5.000000e-02 +7.58526659e-04
 12 30 5.000000e-02 -3.70023082e-03
 13 30 5.000000e-02 -1.29192871e-04
 14 30 5.000000e-02 +4.35633713e-03
 15 30 5.000000e-02 +5.79454500e-03
 16 30 5.000000e-02 +2.15985620e-03
 17 30 5.000000e-02 +7.98607263e-03
 18 30 5.000000e-02 +3.12154346e-03
 19 30 5.000000e-02 +3.77655522e-03
 20 30 5.000000e-02 +5.80677915e-03
 21 30 5.000000e-02 -9.73147733e-01
 22 30 5.000000e-02 +3.45442573e-03
 23 30 5.000000e-02 -3.15791531e-03
 24 30 5.000000e-02 -4.02444914e-03
 25 30 5.000000e-02 -3.48688351e-04
 26 30 5.000000e-02 -4.91548268e-03
 27 30 5.000000e-02 -5.66168541e-03
 28 30 5.000000e-02 -4.49894669e-03
 29 30 5.000000e-02 +4.41578502e-02
 30 30 5.000000e-02 -7.03058469e-04
 31 30 5.000000e-02 -1.94713051e-03
 32 30 5.000000e-02 +7.80340656e-04
 33 30 5.000000e-02 +6.54701843e-03
 34 30 5.000000e-02 +1.14971055e-02
 35 30 5.000000e-02 -4.93970271e-03
 36 30 5.000000e-02 +5.41968610e-03
 37 30 5.000000e-02 -7.44760499e-03
 38 30 5.000000e-02 +4.12433072e-03
 39 30 5.000000e-02 +4.09866865e-03
 40 30 5.000000e-02 -9.51872914e-03
 41 30 5.000000e-02 +1.17594691e-02
 42 30 5.000000e-02 -2.12441161e-03
 43 30 5.000000e-02 +8.35323706e-03
 44 30 5.000000e-02 +5.61496613e-03
 45 30 5.000000e-02 +4.99182093e-03
 46 30 5.000000e-02 +1.25500417e-03
 47 30 5.000000e-02 +8.93389890e-03
 48 30 5.000000e-02 +2.16847115e-03
 49 30 5.000000e-02 -1.72129755e-05
 50 30 5.000000e-02 -5.64018721e-03
 1 30 5.000000e-02 -6.09865241e-03
 2 30 5.000000e-02 -5.35032404e-03
 3 30 5.000000e-02 -1.33900754e-02
 4 30 5.000000e-02 +3.95684419e-04
 5 30 5.000000e-02 -1.02255411e-03
 6 30 5.000000e-02 +2.02898282e-03
 7 30 5.000000e-02 +7.35776273e-05
 8 30 5.000000e-02 +3.17697128e-03
 9 30 5.000000e-02 +6.55781417e-04
 10 30 5.000000e-02 -3.51362170e-03
 11 30 5.000000e-02 +4.82119256e-03
 12 30 5.000000e-02 -2.61274470e-03
 13 30 5.000000e-02 -1.26296384e-02
 14 30 5.000000e-02 -6.67488234e-03
 15 30 5.000000e-02 +1.79322738e-03
 16 30 5.000000e-02 -7.00205189e-03
 17 30 5.000000e-02 -1.70661049e-04
 18 30 5.000000e-02 -8.45989052e-03
 19 30 5.000000e-02 +1.32848688e-04
 20 30 5.000000e-02 +5.31416807e-03
 21 30 5.000000e-02 -3.56598145e-03
 22 30 5.000000e-02 -3.63215379e-03
 23 30 5.000000e-02 +1.60621413e-03
 24 30 5.000000e-02 -3.82832827e-03
 25 30 5.000000e-02 -7.01651682e-03
 26 30 5.000000e-02 -3.84363853e-03
 27 30 5.000000e-02 +5.25144850e-02
 28 30 5.000000e-02 -4.52937198e-03
 29 30 5.000000e-02 -1.00730654e-02
 30 30 5.000000e-02 +2.07580645e-03
 31 30 5.000000e-02 -9.58900821e-03
 32 30 5.000000e-02 -3.10993099e-03
 33 30 5.000000e-02 +1.14609475e-02
 34 30 5.000000e-02 -1.22587772e-03
 35 30 5.000000e-02 +2.34822622e-03
 36 30 5.000000e-02 +1.49330321e-02
 37 30 5.000000e-02 +3.95066560e-04
 38 30 5.000000e-02 +1.74228621e-02
 39 30 5.000000e-02 -2.45912841e-03
 40 30 5.000000e-02 +3.51759979e-03
 41 30 5.000000e-02 +6.07456002e-03
 42 30 5.000000e-02 +7.55805044e-04
 43 30 5.000000e-02 +7.33312011e-03
 44 30 5.000000e-02 -3.04592456e-03
 45 30 5.000000e-02 -1.37646327e-03
 46 30 5.000000e-02 +1.04293546e-03
 47 30 5.000000e-02 +1.21521373e-02
 48 30 5.000000e-02 +7.17626554e-03
 49 30 5.000000e-02 +3.06859994e-03
 50 30 5.000000e-02 +8.66614612e-04
 1 30 5.000000e-02 -9.38817256e-03
 2 30 5.000000e-02 -4.49532136e-03
 3 30 5.000000e-02 +6.83354726e-03
 4 30 5.000000e-02 -6.31837613e-03
 5 30 5.000000e-02 -8.50613173e-03
 6 30 5.000000e-02 -5.76682343e-03
 7 30 5.000000e-02 -6.58006891e-03
 8 30 5.000000e-02 +6.97714627e-03
 9 30 5.000000e-02 +3.81693203e-03
 10 30 5.000000e-02 +9.23101312e-03
 11 30 5.000000e-02 +9.11162680e-03
 12 30 5.000000e-02 -8.93667933e-03
 13 30 5.000000e-02 +5.56003987e-03
 14 30 5.000000e-02 +4.08696994e-03
 15 30 5.000000e-02 -6.91973137e-04
 16 30 5.000000e-02 -9.67868552e-03
 17 30 5.000000e-02 -1.61962179e-02
 18 30 5.000000e-02 +3.42046949e-03
 19 30 5.000000e-02 +3.15629811e-03
 20 30 5.000000e-02 -1.68972199e-03
 21 30 5.000000e-02 +2.90497925e-04
 22 30 5.000000e-02 -5.51489895e-03
 23 30 5.000000e-02 +2.92090361e-03
 24 30 5.000000e-02 +4.84421176e-04
 25 30 5.000000e-02 +5.67560570e-03
 26 30 5.000000e-02 +4.60661221e-03
 27 30 5.000000e-02 +4.22282824e-03
 28 30 5.000000e-02 -1.37230329e-02
 29 30 5.000000e-02 +2.95122071e-03
 30 30 5.000000e-02 +2.02647733e-03
 31 30 5.000000e-02 +8.74413672e-03
 32 30 5.000000e-02 -9.15821240e-03
 33 30 5.000000e-02 +2.91512608e-03
 34 30 5.000000e-02 +2.40962727e-03
 35 30 5.000000e-02 +3.11699398e-03
 36 30 5.000000e-02 +6.52261131e-03
 37 30 5.000000e-02 -1.62905262e-03
 38 30 5.000000e-02 -7.22017041e-03
 39 30 5.000000e-02 +1.26436741e-03
 40 30 5.000000e-02 -7.64532021e-03
 41 30 5.000000e-02 +9.44978949e-03
 42 30 5.000000e-02 +3.85286710e-02
 43 30 5.000000e-02 +4.59952004e-03
 44 30 5.000000e-02 +9.43236553e-03
 45 30 5.000000e-02 +2.26529129e-03
 46 30 5.000000e-02 +7.65802808e-03
 47 30 5.000000e-02 -3.72764815e-03
 48 30 5.000000e-02 -1.43029819e-03
 49 30 5.000000e-02 -5.79004193e-05
 50 30 5.000000e-02 +2.08305234e-03
 1 30 5.000000e-02 -4.92086268e-04
 2 30 5.000000e-02 +1.10121836e-02
 3 30 5.000000e-02 -2.19942862e-03
 4 30 5.000000e-02 +1.71831268e-03
 5 30 5.000000e-02 -5.54949326e-03
 6 30 5.000000e-02 -4.54743759e-03
 7 30 5.000000e-02 +7.68816689e-03
 8 30 5.000000e-02 +1.46599222e-02
 9 30 5.000000e-02 -9.03067059e-03
 10 30 5.000000e-02 -5.49260110e-03
 11 30 5.000000e-02 -3.17714365e-03
 12 30 5.000000e-02 -1.04773752e-03
 13 30 5.000000e-02 -9.95933658e-03
 14 30 5.000000e-02 -8.25098665e-03
 15 30 5.000000e-02 +1.11006861e-03
 16 30 5.000000e-02 +1.22263959e-03
 17 30 5.000000e-02 -8.11907184e-03
 18 30 5.000000e-02 -2.47071772e-03
 19 30 5.000000e-02 -5.89136774e-03
 20 30 5.000000e-02 +1.03938934e-02
 21 30 5.000000e-02 -9.05247828e-01
 22 30 5.000000e-02 +3.97035380e-03
 23 30 5.000000e-02 +3.64603059e-03
 24 30 5.000000e-02 -3.55330527e-03
 25 30 5.000000e-02 -3.89249679e-03
 26 30 5.000000e-02 -7.45341599e-03
 27 30 5.000000e-02 -1.99743623e-03
 28 30 5.000000e-02 +2.23011987e-03
 29 30 5.000000e-02 -7.58888915e-03
 30 30 5.000000e-02 -3.52578017e-03
 31 30 5.000000e-02 +1.12846742e-02
 32 30 5.000000e-02 +2.41613092e-03
 33 30 5.000000e-02 -3.61577998e-03
 34 30 5.000000e-02 +4.68413013e-03
 35 30 5.000000e-02 +8.42472253e-04
 36 30 5.000000e-02 -6.66316269e-03
 37 30 5.000000e-02 -4.33229062e-03
 38 30 5.000000e-02 +3.89492691e-03
 39 30 5.000000e-02 -1.20856387e-02
 40 30 5.000000e-02 -1.47906194e-02
 41 30 5.000000e-02 +5.77523983e-03
 42 30 5.000000e-02 -6.45502501e-03
 43 30 5.000000e-02 +1.50974881e-03
 44 30 5.000000e-02 -1.02119941e-02
 45 30 5.000000e-02 +2.09023855e-03
 46 30 5.000000e-02 +1.18553852e-03
 47 30 5.000000e-02 +1.50524398e-03
 48 30 5.000000e-02 -2.72789688e-03
 49 30 5.000000e-02 -5.38488924e-03
 50 30 5.000000e-02 -2.89187906e-03
 1 30 5.000000e-02 +1.43013499e-02
 2 30 5.000000e-02 +1.38151405e-02
 3 30 5.000000e-02 +1.34601955e-02
 4 30 5.000000e-02 -1.07248452e-02
 5 30 5.000000e-02 +1.82376195e-03
 6 30 5.000000e-02 -7.90410226e-04
 7 30 5.000000e-02 -8.80622132e-03
 8 30 5.000000e-02 -8.47837221e-04
 9 30 5.000000e-02 -1.96061227e-02
 10 30 5.000000e-02 -1.15459783e-02
 11 30 5.000000e-02 -7.79137734e-03
 12 30 5.000000e-02 +3.97381093e-03
 13 30 5.000000e-02 -4.25525269e-03
 14 30 5.000000e-02 +3.09103153e-03
 15 30 5.000000e-02 -1.39589235e-02
 16 30 5.000000e-02 +3.07952390e-03
 17 30 5.000000e-02 -9.54406040e-03
 18 30 5.000000e-02 +1.46798550e-03
 19 30 5.000000e-02 -1.09001553e-02
 20 30 5.000000e-02 -1.27323692e-02
 21 30 5.000000e-02 -7.75163727e-03
 22 30 5.000000e-02 -5.84812008e-03
 23 30 5.000000e-02 -5.08661876e-03
 24 30 5.000000e-02 +7.50175633e-04
 25 30 5.000000e-02 -1.57804107e-02
 26 30 5.000000e-02 -1.63833782e-03
 27 30 5.000000e-02 +1.06681805e-03
 28 30 5.000000e-02 +5.65241108e-03
 29 30 5.000000e-02 -4.53154255e-03
 30 30 5.000000e-02 +3.08259076e-03
 31 30 5.000000e-02 -3.78778918e-03
 32 30 5.000000e-02 +2.31966853e-03
 33 30 5.000000e-02 -3.16214660e-05
 34 30 5.000000e-02 -6.51177422e-03
 35 30 5.000000e-02 -4.80866844e-01
 36 30 5.000000e-02 -2.60537237e-03
 37 30 5.000000e-02 -4.03558717e-04
 38 30 5.000000e-02 -5.32216021e-03
 39 30 5.000000e-02 +4.11587445e-03
 40 30 5.000000e-02 +6.38831539e-03
 41 30 5.000000e-02 -1.44407410e-03
 42 30 5.000000e-02 -4.07190952e-03
 43 30 5.000000e-02 +1.69800949e-03
 44 30 5.000000e-02 -6.49347751e-03
 45 30 5.000000e-02 +1.32580783e-02
 46 30 5.000000e-02 +2.72138737e-03
 47 30 5.000000e-02 -1.16418872e-03
 48 30 5.000000e-02 -8.38501215e-04
 49 30 5.000000e-02 -1.02878133e-02
 50 30 5.000000e-02 -2.58289522e-03
 1 30 5.000000e-02 +5.42484212e-04
 2 30 5.000000e-02 -9.31814528e-03
 3 30 5.000000e-02 -5.19870069e-03
 4 30 5.000000e-02 +1.38886556e-02
 5 30 5.000000e-02 -2.81887918e-03
 6 30 5.000000e-02 -4.72438058e-03
 7 30 5.000000e-02 -1.35384154e-03
 8 30 5.000000e-02 +1.70962295e-03
 9 30 5.000000e-02 -2.59962723e-03
 10 30 5.000000e-02 -6.20095952e-03
 11 30 5.000000e-02 -1.26683976e-02
 12 30 5.000000e-02 +8.64559530e-04
 13 30 5.000000e-02 +7.87992867e-03
 14 30 5.000000e-02 +6.84579861e-03
 15 30 5.000000e-02 +1.82231249e-03
 16 30 5.000000e-02 +3.03878357e-03
 17 30 5.000000e-02 -8.20486746e-03
 18 30 5.000000e-02 -1.00461857e-03
 19 30 5.000000e-02 +8.59277781e-03
 20 30 5.000000e-02 +1.59895404e-04
 21 30 5.000000e-02 +2.32062504e-03
 22 30 5.000000e-02 +6.89853095e-03
 23 30 5.000000e-02 +6.69140622e-04
 24 30 5.000000e-02 +1.31881294e-02
 25 30 5.000000e-02 +1.31875124e-02
 26 30 5.000000e-02 +9.43868826e-01
 27 30 5.000000e-02 +6.93748610e-03
 28 30 5.000000e-02 +1.89356350e-03
 29 30 5.000000e-02 +7.93850439e-04
 30 30 5.000000e-02 -5.52062921e-03
 31 30 5.000000e-02 -4.01385737e-03
 32 30 5.000000e-02 -7.05314039e-03
 33 30 5.000000e-02 +2.39901554e-03
 34 30 5.000000e-02 +3.23163509e-03
 35 30 5.000000e-02 -1.30675554e-04
 36 30 5.000000e-02 -4.43810651e-03
 37 30 5.000000e-02 +7.75499835e-03
 38 30 5.000000e-02 +9.54596058e-04
 39 30 5.000000e-02 -7.53397664e-03
 40 30 5.000000e-02 -1.23022318e-04
 41 30 5.000000e-02 +4.17475752e-03
 42 30 5.000000e-02 -1.48815491e-03
 43 30 5.000000e-02 +3.82729245e-03
 44 30 5.000000e-02 +6.62792811e-03
 45 30 5.000000e-02 +3.35927815e-03
 46 30 5.000000e-02 -1.19893213e-02
 47 30 5.000000e-02 -2.35005075e-03
 48 30 5.000000e-02 +2.11631044e-03
 49 30 5.000000e-02 +1.37560288e-02
 50 30 5.000000e-02 -4.18519244e-04
 1 30 5.000000e-02 -5.58138641e-03
 2 30 5.000000e-02 +1.97816307e-02
 3 30 5.000000e-02 +7.38456253e-03
 4 30 5.000000e-02 -2.95135499e-03
 5 30 5.000000e-02 -3.66784993e-03
 6 30 5.000000e-02 -5.05636715e-03
 7 30 5.000000e-02 +8.04544489e-03
 8 30 5.000000e-02 +9.17491514e-01
 9 30 5.000000e-02 -1.64755740e-02
 10 30 5.000000e-02 +2.19360498e-03
 11 30 5.000000e-02 -4.26493185e-03
 12 30 5.000000e-02 +2.74196389e-03
 13 30 5.000000e-02 +6.30891151e-03
 14 30 5.000000e-02 +7.92511140e-03
 15 30 5.000000e-02 -1.39011828e-02
 16 30 5.000000e-02 -1.08862280e-02
 17 30 5.000000e-02 -1.71930216e-02
 18 30 5.000000e-02 -7.69835113e-03
 19 30 5.000000e-02 +4.36574570e-03
 20 30 5.000000e-02 -1.19349211e-02
 21 30 5.000000e-02 -4.73873275e-03
 22 30 5.000000e-02 -7.92558998e-03
 23 30 5.000000e-02 -3.26138063e-03
 24 30 5.000000e-02 -5.27655631e-03
 25 30 5.000000e-02 +2.37470661e-03
 26 30 5.000000e-02 -6.38142375e-03
 27 30 5.000000e-02 -8.24552582e-03
 28 30 5.000000e-02 +1.77763568e-03
 29 30 5.000000e-02 -3.92834613e-04
 30 30 5.000000e-02 -7.15396977e-03
 31 30 5.000000e-02 -7.39835592e-03
 32 30 5.000000e-02 -3.43597209e-03
 33 30 5.000000e-02 +3.21814739e-03
 34 30 5.000000e-02 -6.42455998e-03
 35 30 5.000000e-02 -1.86928638e-02
 36 30 5.000000e-02 +9.16401749e-03
 37 30 5.000000e-02 +6.25875442e-04
 38 30 5.000000e-02 -8.90713842e-04
 39 30 5.000000e-02 -9.19008018e-04
 40 30 5.000000e-02 -6.60134110e-03
 41 30 5.000000e-02 -1.54331742e-02
 42 30 5.000000e-02 +6.15494672e-03
 43 30 5.000000e-02 -8.78012733e-03
 44 30 5.000000e-02 -9.95325928e-01
 45 30 5.000000e-02 -9.99322943e-01
 46 30 5.000000e-02 -1.00966386e+00
 47 30 5.000000e-02 -9.97015215e-01
 48 30 5.000000e-02 -1.00060762e+00
 49 30 5.000000e-02 -1.00375626e+00
 50 30 5.000000e-02 -9.94095368e-01
 1 30 5.000000e-02 +1.77282340e-03
 2 30 5.000000e-02 -7.47434742e-03
 3 30 5.000000e-02 -9.46218441e-03
 4 30 5.000000e-02 +6.82276887e-03
 5 30 5.000000e-02 +2.08849975e-03
 6 30 5.000000e-02 -2.76643441e-03
 7 30 5.000000e-02 -4.08638072e-03
 8 30 5.000000e-02 +6.74181520e-03
 9 30 5.000000e-02 -6.64735892e-03
 10 30 5.000000e-02 -5.55467982e-03
 11 30 5.000000e-02 +2.55340194e-03
 12 30 5.000000e-02 +3.21599089e-03
 13 30 5.000000e-02 +6.73388473e-03
 14 30 5.000000e-02 +1.66574905e-02
 15 30 5.000000e-02 -6.66502820e-03
 16 30 5.000000e-02 -1.15063058e-02
 17 30 5.000000e-02 +2.43055277e-03
 18 30 5.000000e-02 -9.75364896e-03
 19 30 5.000000e-02 +8.21197493e-03
 20 30 5.000000e-02 -2.49366171e-04
 21 30 5.000000e-02 -3.02920667e-03
 22 30 5.000000e-02 -1.65442119e-03
 23 30 5.000000e-02 -5.79830290e-03
 24 30 5.000000e-02 +1.52411076e-02
 25 30 5.000000e-02 -3.44679606e-03
 26 30 5.000000e-02 +4.50315501e-03
 27 30 5.000000e-02 +7.84361495e-03
 28 30 5.000000e-02 +5.46841111e-03
 29 30 5.000000e-02 -3.36362793e-03
 30 30 5.000000e-02 -1.05155456e-04
 31 30 5.000000e-02 -6.03328083e-03
 32 30 5.000000e-02 -9.17341645e-03
 33 30 5.000000e-02 -5.02414675e-04
 34 30 5.000000e-02 -2.05782414e-04
 35 30 5.000000e-02 +4.89709015e-03
 36 30 5.000000e-02 +4.63578346e-03
 37 30 5.000000e-02 -2.38478328e-03
 38 30 5.000000e-02 +3.61436786e-03
 39 30 5.000000e-02 +9.54580773e-03
 40 30 5.000000e-02 +1.49475703e-02
 41 30 5.000000e-02 -1.05293723e-02
 42 30 5.000000e-02 +1.79634693e-02
 43 30 5.000000e-02 +6.42213594e-03
 44 30 5.000000e-02 -9.13701376e-03
 45 30 5.000000e-02 +2.01974386e-02
 46 30 5.000000e-02 +2.56024682e-03
 47 30 5.000000e-02 +2.49830174e-03
 48 30 5.000000e-02 +5.48705441e-03
 49 30 5.000000e-02 +1.47672815e-02
 50 30 5.000000e-02 -1.78007002e-03
 1 30 5.000000e-02 -1.38533834e-03
 2 30 5.000000e-02 -2.22317140e-03
 3 30 5.000000e-02 -9.57441486e-03
 4 30 5.000000e-02 +2.90849000e-04
 5 30 5.000000e-02 +4.36518843e-03
 6 30 5.000000e-02 +5.09469796e-03
 7 30 5.000000e-02 -3.61012425e-04
 8 30 5.000000e-02 -2.92752811e-03
 9 30 5.000000e-02 -5.39817059e-03
 10 30 5.000000e-02 +6.68931714e-03
 11 30 5.000000e-02 +1.24215476e-02
 12 30 5.000000e-02 +8.23297744e-01
 13 30 5.000000e-02 -3.13526952e-03
 14 30 5.000000e-02 +9.75669050e-04
 15 30 5.000000e-02 -6.12066632e-01
 16 30 5.000000e-02 +6.02416210e-03
 17 30 5.000000e-02 +3.03166579e-03
 18 30 5.000000e-02 +5.24239890e-03
 19 30 5.000000e-02 +5.96871903e-03
 20 30 5.000000e-02 -8.74137691e-03
 21 30 5.000000e-02 -2.30254987e-04
 22 30 5.000000e-02 -3.15847574e-03
 23 30 5.000000e-02 -5.19861858e-04
 24 30 5.000000e-02 +4.87866098e-06
 25 30 5.000000e-02 -3.89547261e-03
 26 30 5.000000e-02 -1.03616526e-02
 27 30 5.000000e-02 -4.34992121e-03
 28 30 5.000000e-02 -5.54705819e-03
 29 30 5.000000e-02 +2.22715471e-02
 30 30 5.000000e-02 +3.96447365e-03
 31 30 5.000000e-02 -6.05746313e-03
 32 30 5.000000e-02 +6.41918591e-03
 33 30 5.000000e-02 -2.80846382e-03
 34 30 5.000000e-02 -3.72108176e-03
 35 30 5.000000e-02 -1.20647315e-02
 36 30 5.000000e-02 -2.51139888e-03
 37 30 5.000000e-02 +7.14497168e-04
 38 30 5.000000e-02 +1.09285438e-02
 39 30 5.000000e-02 +5.05020569e-03
 40 30 5.000000e-02 +8.82415246e-03
 41 30 5.000000e-02 +4.28152638e-03
 42 30 5.000000e-02 +6.97013585e-03
 43 30 5.000000e-02 +5.75937750e-03
 44 30 5.000000e-02 -4.33497176e-03
 45 30 5.000000e-02 -1.22117777e-02
 46 30 5.000000e-02 -9.94246065e-03
 47 30 5.000000e-02 -9.98266100e-03
 48 30 5.000000e-02 -4.32544187e-03
 49 30 5.000000e-02 +2.23125721e-04
 50 30 5.000000e-02 -5.56366062e-03
 1 30 5.000000e-02 +6.87027510e-04
 2 30 5.000000e-02 -8.90119527e-03
 3 30 5.000000e-02 +8.82695484e-03
 4 30 5.000000e-02 +1.83828661e-03
 5 30 5.000000e-02 +1.48403224e-03
 6 30 5.000000e-02 -3.67141505e-03
 7 30 5.000000e-02 -7.54020594e-04
 8 30 5.000000e-02 +1.92873041e-03
 9 30 5.000000e-02 +1.15660823e-03
 10 30 5.000000e-02 -7.98157631e-03
 11 30 5.000000e-02 -7.78544970e-03
 12 30 5.000000e-02 +2.97559779e-03
 13 30 5.000000e-02 +6.10659753e-03
 14 30 5.000000e-02 +1.22245876e-02
 15 30 5.000000e-02 -5.48725625e-03
 16 30 5.000000e-02 +1.93234696e-03
 17 30 5.000000e-02 -7.12970000e-03
 18 30 5.000000e-02 +2.52677193e-03
 19 30 5.000000e-02 -1.41413048e-04
 20 30 5.000000e-02 +5.58833494e-03
 21 30 5.000000e-02 +6.70388425e-03
 22 30 5.000000e-02 +1.85335544e-03
 23 30 5.000000e-02 -7.71307568e-03
 24 30 5.000000e-02 +1.39723699e-03
 25 30 5.000000e-02 +8.50766775e-03
 26 30 5.000000e-02 -2.68603860e-04
 27 30 5.000000e-02 -4.02079683e-03
 28 30 5.000000e-02 +5.82544909e-03
 29 30 5.000000e-02 -5.63377125e-03
 30 30 5.000000e-02 +5.38010415e-03
 31 30 5.000000e-02 +1.36066113e-02
 32 30 5.000000e-02 +1.20491584e-03
 33 30 5.000000e-02 +5.41641361e-03
 34 30 5.000000e-02 +1.47002021e-02
 35 30 5.000000e-02 +9.75697454e-04
 36 30 5.000000e-02 +3.55564427e-03
 37 30 5.000000e-02 +3.01839651e-03
 38 30 5.000000e-02 +1.84943002e-03
 39 30 5.000000e-02 +4.28070625e-03
 40 30 5.000000e-02 +7.04255365e-03
 41 30 5.000000e-02 -1.22948954e-02
 42 30 5.000000e-02 +4.87331252e-03
 43 30 5.000000e-02 -6.28645583e-03
 44 30 5.000000e-02 -8.34050717e-03
 45 30 5.000000e-02 +3.93138648e-03
 46 30 5.000000e-02 -1.25841759e-02
 47 30 5.000000e-02 +6.17991722e-03
 48 30 5.000000e-02 +6.66287952e-04
 49 30 5.000000e-02 -1.00601677e-03
 50 30 5.000000e-02 -5.60047073e-03
 1 30 5.000000e-02 -1.40253495e-03
 2 30 5.000000e-02 +3.36937335e-03
 3 30 5.000000e-02 +4.83509930e-03
 4 30 5.000000e-02 -1.85433421e-03
 5 30 5.000000e-02 -5.55640863e-03
 6 30 5.000000e-02 -1.53654668e-03
 7 30 5.000000e-02 -8.30575430e-03
 8 30 5.000000e-02 -9.30342771e-04
 9 30 5.000000e-02 +3.35850656e-03
 10 30 5.000000e-02 +1.04729747e-02
 11 30 5.000000e-02 +2.07941425e-03
 12 30 5.000000e-02 -4.08256214e-03
 13 30 5.000000e-02 -6.77045864e-03
 14 30 5.000000e-02 -1.21050801e-02
 15 30 5.000000e-02 +1.38780308e-02
 16 30 5.000000e-02 -3.21466938e-03
 17 30 5.000000e-02 +2.43178802e-03
 18 30 5.000000e-02 +3.49088825e-03
 19 30 5.000000e-02 -8.99885417e-04
 20 30 5.000000e-02 -8.85645558e-03
 21 30 5.000000e-02 -1.81164570e-03
 22 30 5.000000e-02 +1.17409398e-02
 23 30 5.000000e-02 +3.12277051e-03
 24 30 5.000000e-02 +1.71156086e-03
 25 30 5.000000e-02 -5.98854589e-03
 26 30 5.000000e-02 -2.63787514e-03
 27 30 5.000000e-02 -1.13281943e-03
 28 30 5.000000e-02 +2.75663608e-03
 29 30 5.000000e-02 -9.77306590e-03
 30 30 5.000000e-02 -8.01929519e-03
 31 30 5.000000e-02 -9.48913289e-03
 32 30 5.000000e-02 -5.68103315e-04
 33 30 5.000000e-02 +7.54538092e-01
 34 30 5.000000e-02 -3.02134040e-03
 35 30 5.000000e-02 +7.29832009e-03
 36 30 5.000000e-02 -2.41484054e-03
 37 30 5.000000e-02 +1.73055124e-03
 38 30 5.000000e-02 -3.12814459e-03
 39 30 5.000000e-02 +7.53464134e-03
 40 30 5.000000e-02 +2.97286798e-03
 41 30 5.000000e-02 -2.18823892e-03
 42 30 5.000000e-02 -7.34634297e-03
 43 30 5.000000e-02 +4.37397151e-03
 44 30 5.000000e-02 -4.18619576e-03
 45 30 5.000000e-02 -1.92345954e-03
 46 30 5.000000e-02 -9.15335079e-04
 47 30 5.000000e-02 +6.55232949e-03
 48 30 5.000000e-02 -1.34468369e-02
 49 30 5.000000e-02 -4.38862222e-03
 50 30 5.000000e-02 +1.30386706e-02
 1 30 5.000000e-02 -6.36041080e-03
 2 30 5.000000e-02 +1.61336989e-03
 3 30 5.000000e-02 -2.65862322e-03
 4 30 5.000000e-02 -6.90045184e-03
 5 30 5.000000e-02 -2.77667499e-03
 6 30 5.000000e-02 -2.15843340e-03
 7 30 5.000000e-02 +8.35184670e-04
 8 30 5.000000e-02 +4.67267793e-03
 9 30 5.000000e-02 -3.31708279e-03
 10 30 5.000000e-02 +9.93416726e-01
 11 30 5.000000e-02 -6.44918207e-03
 12 30 5.000000e-02 +1.20745980e-02
 13 30 5.000000e-02 +9.06742188e-03
 14 30 5.000000e-02 -9.13257073e-03
 15 30 5.000000e-02 -6.87873794e-03
 16 30 5.000000e-02 +1.24235908e-02
 17 30 5.000000e-02 +5.70918667e-03
 18 30 5.000000e-02 -2.63754749e-03
 19 30 5.000000e-02 -5.57881213e-03
 20 30 5.000000e-02 -6.53855236e-03
 21 30 5.000000e-02 -1.48459673e-03
 22 30 5.000000e-02 +7.77351784e-03
 23 30 5.000000e-02 +2.41626039e-03
 24 30 5.000000e-02 -1.24072267e-04
 25 30 5.000000e-02 +3.00666944e-03
 26 30 5.000000e-02 -6.78516391e-03
 27 30 5.000000e-02 +5.85605405e-03
 28 30 5.000000e-02 -7.42540063e-04
 29 30 5.000000e-02 -1.81597427e-03
 30 30 5.000000e-02 +3.09812160e-03
 31 30 5.000000e-02 -2.70539171e-03
 32 30 5.000000e-02 -1.59287725e-02
 33 30 5.000000e-02 +2.65252995e-03
 34 30 5.000000e-02 +7.80986594e-03
 35 30 5.000000e-02 +4.68206222e-03
 36 30 5.000000e-02 +8.22875826e-03
 37 30 5.000000e-02 +6.49216397e-03
 38 30 5.000000e-02 -8.81118198e-03
 39 30 5.000000e-02 -5.60990563e-03
 40 30 5.000000e-02 -1.12663618e-02
 41 30 5.000000e-02 -5.59651931e-03
 42 30 5.000000e-02 -1.68627560e-03
 43 30 5.000000e-02 +7.47293706e-03
 44 30 5.000000e-02 -9.54049910e-03
 45 30 5.000000e-02 -6.94612332e-03
 46 30 5.000000e-02 -1.92645038e-03
 47 30 5.000000e-02 +4.17863538e-03
 48 30 5.000000e-02 +1.28684295e-02
 49 30 5.000000e-02 -8.07019135e-03
 50 30 5.000000e-02 +3.41067952e-03
 1 30 5.000000e-02 -7.47230432e-03
 2 30 5.000000e-02 -1.34010471e-02
 3 30 5.000000e-02 +6.18533432e-03
 4 30 5.000000e-02 +3.25018946e-03
 5 30 5.000000e-02 -6.71153831e-04
 6 30 5.000000e-02 +4.39705262e-03
 7 30 5.000000e-02 +5.31646568e-03
 8 30 5.000000e-02 -9.42047447e-04
 9 30 5.000000e-02 -6.25610222e-03
 10 30 5.000000e-02 +4.41877806e-03
 11 30 5.000000e-02 +4.22458986e-03
 12 30 5.000000e-02 -6.51130326e-03
 13 30 5.000000e-02 -8.68166523e-03
 14 30 5.000000e-02 +3.61537097e-03
 15 30 5.000000e-02 -5.81843872e-03
 16 30 5.000000e-02 +3.14632662e-03
 17 30 5.000000e-02 +8.27078754e-03
 18 30 5.000000e-02 +2.99450728e-03
 19 30 5.000000e-02 +8.79102988e-03
 20 30 5.000000e-02 -2.86616065e-03
 21 30 5.000000e-02 +8.12675569e-03
 22 30 5.000000e-02 -1.08169792e-03
 23 30 5.000000e-02 -1.00428520e-02
 24 30 5.000000e-02 -3.27907104e-03
 25 30 5.000000e-02 -7.40415637e-04
 26 30 5.000000e-02 +7.79762566e-03
 27 30 5.000000e-02 -5.31702199e-03
 28 30 5.000000e-02 -4.05796065e-03
 29 30 5.000000e-02 +6.15590386e-03
 30 30 5.000000e-02 -3.11714617e-03
 31 30 5.000000e-02 -2.23504149e-03
 32 30 5.000000e-02 -2.36392660e-03
 33 30 5.000000e-02 +4.21973570e-03
 34 30 5.000000e-02 +1.12166767e-03
 35 30 5.000000e-02 -2.17169621e-03
 36 30 5.000000e-02 -2.55034629e-03
 37 30 5.000000e-02 +1.41564052e-02
 38 30 5.000000e-02 +1.17612182e-03
 39 30 5.000000e-02 -7.07692557e-03
 40 30 5.000000e-02 +4.92992356e-03
 41 30 5.000000e-02 -4.36556584e-03
 42 30 5.000000e-02 +1.17841714e-02
 43 30 5.000000e-02 +9.31186152e-03
 44 30 5.000000e-02 -1.00282948e-03
 45 30 5.000000e-02 +6.61155170e-03
 46 30 5.000000e-02 +6.51634110e-04
 47 30 5.000000e-02 +4.51766048e-03
 48 30 5.000000e-02 +1.04367096e-04
 49 30 5.000000e-02 -6.25285454e-03
 50 30 5.000000e-02 +2.97314109e-03
 1 30 5.000000e-02 +4.40249531e-03
 2 30 5.000000e-02 +2.92425198e-05
 3 30 5.000000e-02 -8.39159682e-03
 4 30 5.000000e-02 -3.86621973e-04
 5 30 5.000000e-02 -8.08806685e-03
 6 30 5.000000e-02 +6.32686766e-03
 7 30 5.000000e-02 +1.24499721e-03
 8 30 5.000000e-02 +7.80718400e-03
 9 30 5.000000e-02 +1.35804055e-03
 10 30 5.000000e-02 +8.16185675e-03
 11 30 5.000000e-02 +1.96381107e-03
 12 30 5.000000e-02 -7.58931049e-03
 13 30 5.000000e-02 -2.31006923e-03
 14 30 5.000000e-02 +5.45454835e-03
 15 30 5.000000e-02 +9.62519761e-03
 16 30 5.000000e-02 -2.08854276e-05
 17 30 5.000000e-02 +1.02225838e-02
 18 30 5.000000e-02 +6.31735774e-03
 19 30 5.000000e-02 -3.59767945e-03
 20 30 5.000000e-02 +5.27835955e-03
 21 30 5.000000e-02 +4.93601857e-03
 22 30 5.000000e-02 -1.22985689e-02
 23 30 5.000000e-02 +6.85897631e-03
 24 30 5.000000e-02 -2.01650797e-04
 25 30 5.000000e-02 +1.13004222e-03
 26 30 5.000000e-02 -1.71095590e-03
 27 30 5.000000e-02 +1.27748621e-02
 28 30 5.000000e-02 +1.01942180e-02
 29 30 5.000000e-02 +1.17233197e-03
 30 30 5.000000e-02 +1.14107881e-02
 31 30 5.000000e-02 +2.73893520e-03
 32 30 5.000000e-02 +5.59751401e-04
 33 30 5.000000e-02 +8.83236353e-03
 34 30 5.000000e-02 +1.28238598e-02
 35 30 5.000000e-02 +1.42372762e-03
 36 30 5.000000e-02 +1.42644553e-03
 37 30 5.000000e-02 +4.46749368e-03
 38 30 5.000000e-02 +6.94863592e-03
 39 30 5.000000e-02 -2.13366313e-04
 40 30 5.000000e-02 +2.07639386e-03
 41 30 5.000000e-02 -4.44289695e-03
 42 30 5.000000e-02 +3.96114045e-03
 43 30 5.000000e-02 +3.00158188e-04
 44 30 5.000000e-02 -3.94576236e-04
 45 30 5.000000e-02 -1.99477649e-03
 46 30 5.000000e-02 -2.22546835e-03
 47 30 5.000000e-02 +1.81575109e-04
 48 30 5.000000e-02 +4.80007659e-03
 49 30 5.000000e-02 -2.35036990e-04
 50 30 5.000000e-02 +5.77473524e-03
 1 30 5.000000e-02 +9.34841046e-03
 2 30 5.000000e-02 +1.76020055e-02
 3 30 5.000000e-02 +8.55605683e-03
 4 30 5.000000e-02 -8.90145319e-03
 5 30 5.000000e-02 +3.78555644e-03
 6 30 5.000000e-02 +3.43541604e-03
 7 30 5.000000e-02 -6.06946822e-03
 8 30 5.000000e-02 +1.23668712e-02
 9 30 5.000000e-02 -8.18081572e-03
 10 30 5.000000e-02 +1.90078849e-03
 11 30 5.000000e-02 +1.64460253e-02
 12 30 5.000000e-02 -6.10715687e-03
 13 30 5.000000e-02 -2.62272248e-03
 14 30 5.000000e-02 +4.23789923e-03
 15 30 5.000000e-02 +3.57181209e-03
 16 30 5.000000e-02 -1.93740135e-03
 17 30 5.000000e-02 +5.53981144e-03
 18 30 5.000000e-02 +2.62596042e-03
 19 30 5.000000e-02 -1.74301629e-03
 20 30 5.000000e-02 +1.06323079e-02
 21 30 5.000000e-02 +2.78649651e-04
 22 30 5.000000e-02 +8.08579502e-03
 23 30 5.000000e-02 -5.23973317e-04
 24 30 5.000000e-02 +5.88833374e-04
 25 30 5.000000e-02 -5.99788663e-03
 26 30 5.000000e-02 -1.06531912e-02
 27 30 5.000000e-02 -3.35416783e-03
 28 30 5.000000e-02 +1.58103827e-03
 29 30 5.000000e-02 -4.15714407e-03
 30 30 5.000000e-02 +1.41484965e-05
 31 30 5.000000e-02 +9.88167738e-04
 32 30 5.000000e-02 -9.82245195e-03
 33 30 5.000000e-02 +6.50093562e-03
 34 30 5.000000e-02 -8.54916846e-03
 35 30 5.000000e-02 -2.19175656e-04
 36 30 5.000000e-02 +5.24919775e-03
 37 30 5.000000e-02 +1.30786877e-02
 38 30 5.000000e-02 +8.71033513e-03
 39 30 5.000000e-02 +3.86896207e-04
 40 30 5.000000e-02 -4.22209864e-04
 41 30 5.000000e-02 -2.74268854e-03
 42 30 5.000000e-02 +1.87756159e-03
 43 30 5.000000e-02 +5.54110918e-04
 44 30 5.000000e-02 -1.00061087e-02
 45 30 5.000000e-02 +1.00073701e+00
 46 30 5.000000e-02 +1.00904596e+00
 47 30 5.000000e-02 +1.00137208e+00
 48 30 5.000000e-02 +1.00478821e+00
 49 30 5.000000e-02 +9.90536391e-01
 50 30 5.000000e-02 -5.95383739e-03
 1 30 5.000000e-02 -6.06452369e-03
 2 30 5.000000e-02 +6.75080384e-03
 3 30 5.000000e-02 -5.75727431e-03
 4 30 5.000000e-02 -2.59523839e-04
 5 30 5.000000e-02 -2.29393278e-03
 6 30 5.000000e-02 -3.15427805e-03
 7 30 5.000000e-02 -1.05242366e-02
 8 30 5.000000e-02 +2.99788357e-03
 9 30 5.000000e-02 -5.01911589e-03
 10 30 5.000000e-02 +1.25813663e-02
 11 30 5.000000e-02 +1.41380997e-04
 12 30 5.000000e-02 +5.24587293e-03
 13 30 5.000000e-02 +4.66287519e-03
 14 30 5.000000e-02 +7.86594782e-05
 15 30 5.000000e-02 +4.07780908e-03
 16 30 5.000000e-02 +6.17176559e-03
 17 30 5.000000e-02 +6.65538257e-03
 18 30 5.000000e-02 -3.36689750e-04
 19 30 5.000000e-02 -2.05144936e-03
 20 30 5.000000e-02 +1.86880950e-03
 21 30 5.000000e-02 +7.53822045e-03
 22 30 5.000000e-02 -1.86939975e-03
 23 30 5.000000e-02 -4.23245789e-03
 24 30 5.000000e-02 -2.37982249e-03
 25 30 5.000000e-02 -6.14648521e-03
 26 30 5.000000e-02 -7.16318523e-04
 27 30 5.000000e-02 -3.37548346e-03
 28 30 5.000000e-02 +2.86703089e-03
 29 30 5.000000e-02 +8.43058907e-03
 30 30 5.000000e-02 +2.95948949e-03
 31 30 5.000000e-02 -1.13739568e-03
 32 30 5.000000e-02 +1.80411356e-04
 33 30 5.000000e-02 +8.40824497e-04
 34 30 5.000000e-02 +6.27875018e-03
 35 30 5.000000e-02 -3.56543810e-03
 36 30 5.000000e-02 -1.68977738e-03
 37 30 5.000000e-02 -9.00844583e-03
 38 30 5.000000e-02 -3.62630576e-03
 39 30 5.000000e-02 +3.51439931e-03
 40 30 5.000000e-02 +1.09797812e-03
 41 30 5.000000e-02 -5.34875628e-03
 42 30 5.000000e-02 +1.31188601e-02
 43 30 5.000000e-02 +6.58934554e-03
 44 30 5.000000e-02 +6.30391986e-03
 45 30 5.000000e-02 -1.21171121e-02
 46 30 5.000000e-02 +6.03796350e-03
 47 30 5.000000e-02 +3.80325175e-03
 48 30 5.000000e-02 -3.80877056e-03
 49 30 5.000000e-02 +4.18801250e-04
 50 30 5.000000e-02 +8.44675956e-04
 1 30 5.000000e-02 +4.19004869e-03
 2 30 5.000000e-02 +2.34095367e-03
 3 30 5.000000e-02 +1.15734754e-02
 4 30 5.000000e-02 -2.33404001e-03
 5 30 5.000000e-02 +2.05661071e-03
 6 30 5.000000e-02 -2.40533096e-03
 7 30 5.000000e-02 +4.79230724e-04
 8 30 5.000000e-02 +2.33176019e-03
 9 30 5.000000e-02 +9.41338970e-03
 10 30 5.000000e-02 -5.94937543e-03
 11 30 5.000000e-02 +9.39465377e-03
 12 30 5.000000e-02 -4.41433581e-03
 13 30 5.000000e-02 -1.19447693e-03
 14 30 5.000000e-02 +2.45402263e-03
 15 30 5.000000e-02 +1.14347715e-03
 16 30 5.000000e-02 -1.07274739e-02
 17 30 5.000000e-02 +3.04672712e-03
 18 30 5.000000e-02 -5.97112467e-04
 19 30 5.000000e-02 +8.61011459e-03
 20 30 5.000000e-02 +6.11619974e-04
 21 30 5.000000e-02 -1.01306183e-02
 22 30 5.000000e-02 +1.05029895e-02
 23 30 5.000000e-02 +6.75603243e-03
 24 30 5.000000e-02 -1.57586056e-02
 25 30 5.000000e-02 +1.07889934e-02
 26 30 5.000000e-02 -9.82408233e-03
 27 30 5.000000e-02 +2.05573763e-03
 28 30 5.000000e-02 +3.62895308e-04
 29 30 5.000000e-02 -8.50310624e-03
 30 30 5.000000e-02 -9.79435173e-04
 31 30 5.000000e-02 -1.08750262e-02
 32 30 5.000000e-02 -7.16090505e-03
 33 30 5.000000e-02 -9.38808414e-03
 34 30 5.000000e-02 -1.89490910e-02
 35 30 5.000000e-02 -5.16891504e-03
 36 30 5.000000e-02 +9.67641300e-03
 37 30 5.000000e-02 +6.40114793e-04
 38 30 5.000000e-02 -7.67884776e-03
 39 30 5.000000e-02 +4.23476449e-03
 40 30 5.000000e-02 +9.05837590e-03
 41 30 5.000000e-02 +5.52442911e-04
 42 30 5.000000e-02 +8.23637420e-04
 43 30 5.000000e-02 +1.38634963e-03
 44 30 5.000000e-02 -1.27031697e-02
 45 30 5.000000e-02 -4.43471287e-03
 46 30 5.000000e-02 +2.76959828e-03
 47 30 5.000000e-02 +2.28336931e-03
 48 30 5.000000e-02 +9.85365738e-03
 49 30 5.000000e-02 +1.95766876e-03
 50 30 5.000000e-02 -1.90669855e-03
 1 30 5.000000e-02 +9.47478189e-03
 2 30 5.000000e-02 -6.09062306e-03
 3 30 5.000000e-02 +7.02915255e-03
 4 30 5.000000e-02 +9.49789565e-03
 5 30 5.000000e-02 -6.29407715e-03
 6 30 5.000000e-02 -2.73522031e-03
 7 30 5.000000e-02 +7.27321615e-03
 8 30 5.000000e-02 +4.27072299e-03
 9 30 5.000000e-02 +5.42352355e-04
 10 30 5.000000e-02 -3.52466630e-03
 11 30 5.000000e-02 -1.00210407e-02
 12 30 5.000000e-02 -9.56007735e-03
 13 30 5.000000e-02 -4.10468359e-03
 14 30 5.000000e-02 +1.10357436e-02
 15 30 5.000000e-02 -3.75498746e-03
 16 30 5.000000e-02 -6.43452452e-04
 17 30 5.000000e-02 +1.39089896e-02
 18 30 5.000000e-02 +6.60128420e-03
 19 30 5.000000e-02 +1.95897805e-03
 20 30 5.000000e-02 -8.45994132e-04
 21 30 5.000000e-02 -6.88154432e-03
 22 30 5.000000e-02 +3.87568491e-03
 23 30 5.000000e-02 +7.44997334e-03
 24 30 5.000000e-02 -5.34801982e-03
 25 30 5.000000e-02 +6.83504773e-03
 26 30 5.000000e-02 -3.66576848e-03
 27 30 5.000000e-02 +4.58003487e-03
 28 30 5.000000e-02 -8.29684894e-03
 29 30 5.000000e-02 -3.67013496e-03
 30 30 5.000000e-02 +1.96281745e-03
 31 30 5.000000e-02 +9.06063894e-03
 32 30 5.000000e-02 +4.55987931e-03
 33 30 5.000000e-02 +3.56288052e-03
 34 30 5.000000e-02 +7.16538421e-03
 35 30 5.000000e-02 -4.74973582e-04
 36 30 5.000000e-02 +1.00844546e-02
 37 30 5.000000e-02 +3.19023096e-03
 38 30 5.000000e-02 -1.18777660e-03
 39 30 5.000000e-02 -5.16279902e-03
 40 30 5.000000e-02 -1.21091098e-02
 41 30 5.000000e-02 -8.43669405e-04
 42 30 5.000000e-02 -6.18832503e-03
 43 30 5.000000e-02 -1.37353723e-02
 44 30 5.000000e-02 +4.23805331e-04
 45 30 5.000000e-02 +1.35676745e-03
 46 30 5.000000e-02 +1.61669414e-02
 47 30 5.000000e-02 -7.72584812e-04
 48 30 5.000000e-02 +3.77991103e-03
 49 30 5.000000e-02 +6.33165326e-04
 50 30 5.000000e-02 +1.29596941e-02
 1 30 5.000000e-02 +1.22689236e-02
 2 30 5.000000e-02 +7.97420698e-04
 3 30 5.000000e-02 -4.34471564e-03
 4 30 5.000000e-02 -5.12632877e-03
 5 30 5.000000e-02 -6.91753858e-03
 6 30 5.000000e-02 +6.39709594e-03
 7 30 5.000000e-02 +5.63229176e-03
 8 30 5.000000e-02 -4.88906867e-03
 9 30 5.000000e-02 -2.24832893e-03
 10 30 5.000000e-02 +9.15254024e-04
 11 30 5.000000e-02 +3.20536336e-04
 12 30 5.000000e-02 +2.69740001e-03
 13 30 5.000000e-02 +1.30445677e-03
 14 30 5.000000e-02 +8.91749636e-03
 15 30 5.000000e-02 -9.29925441e-04
 16 30 5.000000e-02 +1.57755863e-02
 17 30 5.000000e-02 -3.89722117e-03
 18 30 5.000000e-02 +1.87169752e-03
 19 30 5.000000e-02 -3.47494342e-03
 20 30 5.000000e-02 -5.08841680e-04
 21 30 5.000000e-02 -8.03293499e-04
 22 30 5.000000e-02 -6.42609979e-03
 23 30 5.000000e-02 -6.67027520e-03
 24 30 5.000000e-02 -1.23260580e-03
 25 30 5.000000e-02 -8.44263830e-03
 26 30 5.000000e-02 +4.84873489e-03
 27 30 5.000000e-02 +2.30753143e-03
 28 30 5.000000e-02 -6.52644431e-03
 29 30 5.000000e-02 +1.91496012e-03
 30 30 5.000000e-02 +7.09164030e-03
 31 30 5.000000e-02 -2.17840211e-03
 32 30 5.000000e-02 +6.58902339e-03
 33 30 5.000000e-02 +2.77354612e-03
 34 30 5.000000e-02 +3.40266220e-03
 35 30 5.000000e-02 +5.06549273e-03
 36 30 5.000000e-02 +4.73160810e-04
 37 30 5.000000e-02 +4.43546385e-03
 38 30 5.000000e-02 +4.55318629e-04
 39 30 5.000000e-02 -7.50034085e-03
 40 30 5.000000e-02 -1.64211316e-03
 41 30 5.000000e-02 +1.22773234e-03
 42 30 5.000000e-02 +4.39648140e-03
 43 30 5.000000e-02 -1.34429502e-03
 44 30 5.000000e-02 +9.65884050e-03
 45 30 5.000000e-02 -1.71313496e-02
 46 30 5.000000e-02 +2.36909691e-03
 47 30 5.000000e-02 +6.12935719e-03
 48 30 5.000000e-02 +3.91112132e-03
 49 30 5.000000e-02 -1.48717972e-02
 50 30 5.000000e-02 +2.74811873e-03
 1 30 5.000000e-02 -3.85994511e-03
 2 30 5.000000e-02 -1.07400210e-03
 3 30 5.000000e-02 -5.06374156e-03
 4 30 5.000000e-02 -2.96827439e-03
 5 30 5.000000e-02 +2.28001047e-03
 6 30 5.000000e-02 +6.98623786e-04
 7 30 5.000000e-02 +1.14205044e-02
 8 30 5.000000e-02 +4.78456963e-03
 9 30 5.000000e-02 +1.25226993e-03
 10 30 5.000000e-02 +7.93438966e-03
 11 30 5.000000e-02 -1.49860482e-02
 12 30 5.000000e-02 -1.45396508e-03
 13 30 5.000000e-02 -4.45810257e-03
 14 30 5.000000e-02 +3.65961595e-04
 15 30 5.000000e-02 +1.85514224e-03
 16 30 5.000000e-02 -4.33062457e-03
 17 30 5.000000e-02 -7.65888263e-03
 18 30 5.000000e-02 -1.56355188e-03
 19 30 5.000000e-02 +7.26548774e-03
 20 30 5.000000e-02 +1.17204503e-02
 21 30 5.000000e-02 +8.52403078e-04
 22 30 5.000000e-02 -6.61290782e-03
 23 30 5.000000e-02 -2.10153075e-03
 24 30 5.000000e-02 +1.33585190e-02
 25 30 5.000000e-02 +6.09591291e-03
 26 30 5.000000e-02 -5.38111276e-03
 27 30 5.000000e-02 +1.14024534e-03
 28 30 5.000000e-02 +5.80305539e-03
 29 30 5.000000e-02 -1.72077641e-04
 30 30 5.000000e-02 +1.90683482e-03
 31 30 5.000000e-02 +1.02255687e-02
 32 30 5.000000e-02 -1.64104646e-03
 33 30 5.000000e-02 +3.12071679e-03
 34 30 5.000000e-02 -6.08272510e-03
 35 30 5.000000e-02 +6.26173144e-03
 36 30 5.000000e-02 -9.52785773e-01
 37 30 5.000000e-02 -5.85514249e-03
 38 30 5.000000e-02 +5.64872172e-03
 39 30 5.000000e-02 -4.58134780e-03
 40 30 5.000000e-02 +1.49365715e-03
 41 30 5.000000e-02 -1.23866842e-03
 42 30 5.000000e-02 +5.41202573e-03
 43 30 5.000000e-02 -3.68969178e-03
 44 30 5.000000e-02 +2.98943123e-04
 45 30 5.000000e-02 +1.30156374e-03
 46 30 5.000000e-02 +4.60121002e-03
 47 30 5.000000e-02 +4.80826015e-03
 48 30 5.000000e-02 -4.52143511e-03
 49 30 5.000000e-02 +5.67235954e-03
 50 30 5.000000e-02 -8.93477120e-03
